, surface_points,surface_disp_step1,surface_disp_step2,surface_disp_step3,surface_disp_step4,surface_disp_step5,surface_disp_step6,surface_disp_step7,surface_disp_step8,surface_disp_step9,surface_disp_step10,surface_disp_step11,surface_disp_step12,surface_disp_step13,surface_disp_step14,surface_disp_step15,surface_disp_step16,surface_disp_step17,surface_disp_step18,surface_disp_step19,surface_disp_step20,surface_disp_step21,surface_disp_step22,surface_disp_step23,surface_disp_step24,surface_disp_step25,surface_disp_step26,surface_disp_step27,surface_disp_step28,surface_disp_step29,surface_disp_step30,surface_disp_step31,surface_disp_step32,surface_disp_step33,surface_disp_step34,surface_disp_step35,surface_disp_step36,surface_disp_step37,surface_disp_step38,surface_disp_step39,surface_disp_step40
0,0.31953125000000004,-64.3504644444638,-108.20533130250881,-149.75353774017165,-189.19795999035819,-226.6635755733449,-262.25382250404465,-296.06351465672213,-328.1819444310841,-358.69376179317214,-387.679342589261,-415.21503309515487,-441.3733585497351,-466.22321588195496,-489.8300555783848,-512.2560541742714,-533.5602780503772,-553.7988390194389,-573.0250421245543,-591.289526042088,-608.6403964599884,-625.1233527833471,-640.7818085012187,-655.6570055319667,-669.7881228484637,-683.212379669372,-695.9651334884069,-708.0799731998436,-719.5888075656127,-730.5219492570409,-740.9081946926334,-750.7748998822007,-760.1480524771262,-769.0523402165566,-777.5112159498111,-785.5469594062837,-793.1807358755307,-800.4326519521211,-807.3218084920655,-813.8663509203147,-820.0835170218337
1,0.3203125,-63.3695374702207,-106.55621650126301,-147.47157431663575,-186.3153616750473,-223.210627119042,-258.2592135792115,-291.5544749782157,-323.18433051248445,-353.23212962278495,-381.7770142556472,-408.8941593835478,-434.65497814309947,-459.127311462748,-482.3756070339671,-504.4610890752577,-525.4419195536373,-545.3733513352406,-564.3078736775349,-582.2953504473458,-599.3831514281645,-615.6162770618824,-631.0374769528704,-645.6873624460505,-659.6045135750818,-672.8255806620353,-685.3853808359205,-697.3169897240706,-708.6518285577297,-719.4197469211244,-729.649101361868,-739.3668300696361,-748.5985238197388,-757.3684933683687,-765.69983347698,-773.6144837343792,-781.1332863366728,-788.2760409772312,-795.0615569911922,-801.5077028918271,-807.6314534292115
2,0.32109375,-62.28943641314401,-104.7396994048762,-144.95717453998117,-183.13824163720113,-219.40387635222453,-253.85420446393178,-286.58100366749807,-317.67070691602197,-347.2052533372252,-375.26244477052273,-401.9161824973172,-427.23666910522365,-451.2905950494797,-474.14131470100307,-495.8490133170693,-516.470865595357,-536.061186279928,-554.6715732280783,-572.3510433181948,-589.1461615577064,-605.1011637317567,-620.2580729159627,-634.6568101603993,-648.3352996365167,-661.3295685240654,-673.6738419012495,-685.4006328881013,-696.5408282805844,-707.1237699010204,-717.1773318791572,-726.7279940674505,-735.8009117839588,-744.4199820665674,-752.607906613057,-760.3862515728164,-767.7755043476818,-774.795127551529,-781.4636102707371,-787.7985167605486,-793.8165327055873
3,0.321875,-61.114810124100515,-102.76490567450513,-142.2245063168421,-179.68625283089804,-215.26881371296568,-249.07040684846498,-281.18106348087696,-311.68557372221716,-340.66432068675556,-368.1936298231843,-394.34600084961016,-419.19030557326465,-442.791970756699,-465.2131507101171,-486.5128910065583,-506.7472839602874,-525.9696163227828,-544.2305095938252,-561.5780533179915,-578.0579317169235,-593.7135439901164,-608.5861186003784,-622.7148218444562,-636.136860994348,-648.8875822806274,-661.0005639755935,-672.5077048211837,-683.4393080343842,-693.8241611112466,-703.6896116395855,-713.0616393199261,-721.9649243843149,-730.4229125931217,-738.4578769809629,-746.0909765143236,-753.3423118153219,-760.2309780983493,-766.775115458974,-772.9919566475296,-778.897872453194
4,0.32265625000000003,-59.844373292953726,-100.62831243084416,-139.26710215548195,-175.94941512456657,-210.79147927405705,-243.88949083808254,-275.3316254927209,-305.2009238565654,-333.57610903704835,-360.53192919251273,-386.1393849839841,-410.4659235255125,-433.5756176297846,-455.52933495129935,-476.38489840723497,-496.19723851116066,-515.0185380700016,-532.8983696373027,-549.8838260881158,-566.0196446605933,-581.3483247916038,-595.9102400570898,-609.7437445122877,-622.8852737120945,-635.3694406778059,-647.2291270631247,-658.4955697596429,-669.1984431699881,-679.3659373653841,-689.0248323335421,-698.2005685124664,-706.9173137959901,-715.1980271875506,-723.0645192698742,-730.5375096498623,-737.6366815299858,-744.3807335499399,-750.7874290351073,-756.8736427815473,-762.6554055007492
5,0.32343750000000004,-58.48328965077921,-98.34001503137227,-136.1005769410273,-171.94931848614897,-205.999796486042,-238.34599823503353,-269.0740772248731,-298.2651717239269,-325.99620293133864,-352.3402092261894,-377.366568087345,-401.14118537506056,-423.7266703082429,-445.18250061383395,-465.5651791838164,-484.92838285193125,-503.3231037244551,-520.7977834451011,-537.3984407481614,-553.1687926350094,-568.1503694922443,-582.3826244539283,-595.9030372953868,-608.7472131317512,-620.9489761808318,-632.5404588370012,-643.5521862904479,-654.0131569144907,-663.9509186325188,-673.3916414655748,-682.3601864515406,-690.8801711173606,-698.9740316766716,-706.6630821165879,-713.9675703292083,-720.9067314356428,-727.4988384429575,-733.7612503674294,-739.7104579508181,-745.3621270900452
6,0.32421875,-57.030349711093244,-95.89651844827853,-132.71840177505908,-167.67580195842342,-200.87948263073102,-232.4211173995913,-262.3847362896219,-290.84947561188505,-317.8903570993881,-343.57861438214917,-367.9819097581304,-391.16451903392885,-413.18750234948226,-434.10886537353855,-453.98371218566336,-472.86439045043255,-490.8006293132753,-507.8396703927062,-524.0263922172055,-539.4034284356973,-554.0112801136125,-567.8884224106962,-581.0714059218401,-593.5949529480755,-605.4920489514542,-616.7940294348479,-627.5306624755834,-637.7302271303911,-647.4195879182338,-656.6242655772555,-665.3685042822478,-673.675335499716,-681.5666386487588,-689.0631987275527,-696.1847610572441,-702.9500832874504,-709.376984800355,-715.4823936435351,-721.2823911151389,-726.7922541188536
7,0.325,-55.49120024905111,-93.3088254941134,-129.13754225021688,-163.15225941383923,-195.4607220117496,-226.15210728426226,-255.3081598064716,-283.0058657586902,-309.3182101801636,-334.31449407446735,-358.0605449459973,-380.61889637648653,-402.0489540345417,-422.4071523638756,-441.74710321629476,-460.119737009484,-477.57343682122496,-494.1541657803186,-509.9055880899714,-524.8691840014345,-539.0843590397669,-552.5885477685913,-565.4173123665321,-577.6044362744783,-589.1820131599244,-600.1805314324193,-610.6289545324535,-620.5547972050623,-629.9841979588643,-638.9419879012472,-647.4517561308824,-655.5359118597049,-663.2157434279015,-670.5114743672639,-677.4423166605177,-684.0265213368458,-690.2814265368254,-696.2235031733334,-701.8683983086482,-707.2309763619726
8,0.32578125,-53.864715058703766,-90.57349054056274,-125.35144831421991,-158.36841171519302,-189.72899717762064,-219.51979048432065,-247.82015793540822,-274.7048436327421,-300.24470540097417,-324.5070231627801,-347.5557036924914,-369.4514552075289,-390.2519487190125,-410.0119702857002,-428.7835654145696,-446.6161761804401,-463.556771470526,-479.6499707080207,-494.9381613837799,-509.4616107068747,-523.2585716687598,-536.3653838008272,-548.8165688910506,-560.6449219120614,-571.8815974003244,-582.5561915140836,-592.6968199863038,-602.3301921780287,-611.4816814272665,-620.175391878756,-628.4342219706765,-636.2799247455548,-643.7331651442563,-650.8135744339811,-657.5398019136511,-663.929564032881,-669.9996910539265,-675.766171379517,-681.2441936633378,-686.4481868140839
9,0.32656250000000003,-52.15698914504382,-87.70235601925735,-121.37833166871053,-153.34931240845123,-183.71656718879873,-212.56391338871748,-239.96818268416067,-266.00173452198595,-290.73316780450455,-314.2276188960538,-336.5469594781044,-357.74996531354,-377.89247226496406,-397.02752355574665,-415.2055094626217,-432.4742999842548,-448.87937087216704,-464.4639233622716,-479.26899792235446,-493.33358231400047,-506.6947142525603,-519.3875789346826,-531.4456016896329,-542.900535997908,-553.7825471085539,-564.1202914751105,-573.9409922191278,-583.2705108198041,-592.1334152183882,-600.5530445165781,-608.5515704391968,-616.1500557229266,-623.3685095848064,-630.2259404165072,-636.740405843119,-642.9290602782336,-648.8082001005358,-654.3933065708483,-659.6990866026271,-664.739511493267
10,0.32734375000000004,-50.36698652609535,-84.69204694482966,-117.21166149080378,-148.0846275507362,-177.40876936544478,-205.26505106281564,-231.7276858988316,-256.8665649439065,-280.7479452522852,-303.4347382362051,-324.9867011398505,-345.4606003051169,-364.91036205334365,-383.38721505902674,-400.93982537869516,-417.61442467057907,-433.45493198486594,-448.50306945584526,-462.7984722037689,-476.37879273711894,-489.2798001309597,-501.535474243033,-513.1780952160902,-524.2383285024497,-534.745305634911,-544.726700956931,-554.2088045142691,-563.2165913001883,-571.7737870366748,-579.902930664994,-587.6254337102259,-594.9616366761783,-601.9308626192501,-608.5514680423745,-614.840891243119,-620.8156982432928,-626.4916264210594,-631.8836259604816,-637.0058992276812,-641.8719381773399
11,0.328125,-48.50121285895323,-81.55517235545783,-112.87078330994242,-142.60091589808226,-170.83973863699828,-197.66519228229495,-223.14872191795538,-247.35761413733218,-270.35565877075817,-292.20342595598595,-312.95845009206954,-332.67538675091856,-351.4061577424718,-369.20008804064366,-386.10403567428045,-402.1625150885669,-417.4178143356305,-431.9101064085098,-445.67755501143637,-458.75641504381184,-471.18112806144563,-482.98441296557263,-494.1973521578279,-504.8494733875482,-514.968827506538,-524.582062335762,-533.7144928382312,-542.390167782687,-550.6319330734801,-558.4614919132949,-565.8994619570491,-572.9654296073959,-579.678001594749,-586.0548539776032,-592.1127786921486,-597.8677277737214,-603.3348553665214,-608.5285576321947,-613.462510662363,-618.1497064949193
12,0.32890625,-46.55872877278374,-78.28844871662241,-108.34922579732506,-136.8878524141234,-163.99475749554549,-189.74478434377758,-214.20653562127154,-237.444618465307,-259.5202806629503,-280.4916772462236,-300.41404750588157,-319.33986592491846,-337.3189816611881,-354.39875016310873,-370.62415799433745,-386.03794136296597,-400.6806987066041,-414.590997639803,-427.8054765485127,-440.35894110038834,-452.28445592585985,-463.61343171189435,-474.3757079382049,-484.5996314740847,-494.31213124307936,-503.538789152328,-512.3039074735076,-520.6305728529621,-528.540717119689,-536.0551750514113,-543.1937392509375,-549.9752122773847,-556.4174561696174,-562.5374394923568,-568.3512820289124,-573.8742972382541,-579.1210325882843,-584.1053078715416,-588.8402516042754,-593.3383356047673
13,0.3296875,-44.54641046724611,-74.90517393413764,-103.66734903857581,-130.97333732140288,-156.90962628632462,-181.54779953491342,-204.95347507648427,-227.18845180666287,-248.31131719828784,-268.3777017274861,-287.440447792192,-305.5497538035638,-322.75330740364996,-339.09641121204083,-354.62210211436343,-369.3712645559622,-383.3827381696658,-396.69342002577383,-409.3383617730349,-421.35086192515456,-432.76255353475403,-443.60348748474644,-453.9022116157925,-463.68584589767386,-472.98015384212283,-481.80961034484994,-490.19746613516077,-498.1658090026825,-505.73562196226953,-512.9268385101306,-519.7583951165783,-526.2482810935505,-532.4135859681555,-538.2705444869323,-543.8345793693005,-549.1203419227388,-554.1417506266221,-558.9120277862976,-563.443734353899,-567.7488030075843
14,0.33046875000000003,-42.46342097418311,-71.40217616841507,-98.81878109687108,-124.84711814734892,-149.56966341167748,-173.0546779325015,-195.3647308205173,-216.5587469553871,-236.69258724402468,-255.81929179312564,-273.9892413714179,-291.2502950803559,-307.64791757767154,-323.22529912361665,-338.0234694318499,-352.0814057773879,-365.4361356823927,-378.1228344595062,-390.1749178725411,-401.62413015980866,-412.50062765266057,-422.83305820995724,-432.64863667805633,-441.97321657534883,-450.83135819035647,-459.2463932729347,-467.24048648909115,-474.8346938013978,-482.04901792884266,-488.90246103227383,-495.4130747642484,-501.598007815164,-507.47355108094007,-513.0551805712416,-518.3575981712945,-523.3947703646636,-528.1799650190118,-532.7257863317378,-537.0442080275496,-541.1466048954214
15,0.33125000000000004,-40.31696464176365,-67.793360206898,-93.82477108732417,-118.53826456687183,-142.01211391161704,-164.3111042323965,-185.49462190701212,-205.61859712262265,-224.7360537833208,-242.89733972322313,-260.15027954818805,-276.5403050187243,-292.11057559881664,-306.9020922480156,-320.9538053720156,-334.3027173501174,-346.9839799365961,-359.0309867963034,-370.4754614174315,-381.34754063157783,-391.67585395988516,-401.48759899325694,-410.8086130044465,-419.66344098004726,-428.0754002511003,-436.06664189218986,-443.6582090504372,-450.87009235778646,-457.72128257233015,-464.22982058716764,-470.41284493836974,-476.28663693706795,-481.8666635444469,-487.16761810247874,-492.20345902761846,-496.9874465693038,-501.5321777300315,-505.8496194389402,-509.9511400662287,-513.8475393613913
16,0.33203125,-38.10631206469746,-64.07568546037983,-88.67908575020563,-112.03665988110535,-134.22242261568246,-155.2976318850173,-175.31843748867988,-194.3377187572386,-212.4056053163891,-229.56969533760443,-245.87520045339264,-261.3650693163918,-276.0801017794764,-290.05905663241384,-303.3387537770333,-315.95417124741255,-327.93853736327634,-339.3234182678555,-350.1388010835278,-360.41317290547306,-370.17359584215177,-379.44577830073933,-388.2541427056591,-396.6218898288596,-404.57105990149114,-412.1225906681279,-419.2963725365706,-426.11130096860614,-432.58532624979927,-438.73550076948067,-444.5780239355153,-450.1282848422012,-455.40090280372186,-460.4097658599398,-465.1680673559857,-469.68834069200335,-473.98249233459984,-478.06183317696605,-481.93710833027313,-485.6185254248324
17,0.3328125,-35.83895132245626,-60.26357787028735,-83.40373222224702,-105.37236399310127,-126.23904963058877,-146.06137633306327,-164.89213271004948,-182.78103541203808,-199.77521786437603,-215.91943484802928,-231.25619832218152,-245.82589329477906,-259.66688495929435,-272.81561983068593,-285.30672169251017,-297.1730827260489,-308.4459500847675,-319.1550081450183,-329.32845664858183,-338.9930849413564,-348.1743425024863,-356.8964059486712,-365.182242689377,-373.0536714000026,-380.53141947179654,-387.63517758947495,-394.38365157997384,-400.79461166865866,-406.8849392725215,-412.67067145344595,-418.1670431484861,-423.3885272882692,-428.3488729090966,-433.06114135903425,-437.53774069329285,-441.79045834942127,-445.8304921883294,-449.66847998284845,-453.3145274314608,-456.77823477094927
18,0.33359375,-33.514265069639585,-56.354146844034744,-77.99265435092636,-98.53545835050504,-118.04765595053111,-136.58312429500964,-154.19124769020124,-170.9185338989251,-186.80907219984718,-201.90472537066302,-216.24525716291106,-229.86844098768606,-242.81016034834394,-255.10450360333718,-266.7838538357252,-277.8789741874332,-288.4190889121057,-298.4319603677901,-307.94396215484596,-316.98014859290447,-325.56432072063524,-333.7190889926475,-341.46593283906026,-348.8252572449042,-355.8164464986023,-362.45791525128794,-368.76715702157566,-374.7607902736607,-380.45460219020356,-385.8635902553661,-391.002001757584,-395.8833713161713,-400.52055653064156,-404.9257718466702,-409.11062072793294,-413.0861262185717,-416.86275997681224,-420.450469856219,-423.8587061072439,-427.09644626809904
19,0.33437500000000003,-31.13997895052474,-52.362250536310405,-72.46848161328302,-91.55680775521864,-109.68767962958788,-126.91113147803874,-143.2730286824899,-158.81656783708337,-173.58270129518002,-187.61031485648846,-200.93634573315148,-213.59588319354867,-225.62226162646292,-237.0471483973742,-247.90062720055965,-258.21127722804454,-268.00624838339013,-277.31133274039615,-286.1510324336431,-294.54862415810265,-302.52622044641646,-310.10482788419677,-317.3044024159035,-324.14390188634985,-330.641335955731,-336.81381351927376,-342.6775877560843,-348.2480989256005,-353.540015024162,-358.56727040861733,-363.34310248854933,-367.880086583651,-372.19016903795847,-376.2846986780767,-380.1744566981854,-383.8696850504727,-387.3801134157239,-390.7149848250571,-393.8830800002454,-396.8927404767087
20,0.33515625000000004,-28.715591485742536,-48.28516617261632,-66.8253723021997,-84.42675295257612,-101.1450862313529,-117.02653632495573,-132.11341757566888,-146.44557944274123,-160.06079903274562,-172.9949456316548,-185.28208995328578,-196.95459728154887,-208.04321353654856,-218.5771464793552,-228.584142721781,-238.09056084859623,-247.12144087012092,-255.70057019504802,-263.85054629969943,-271.59283625994385,-278.94783330334,-285.93491053095727,-292.5724719507789,-298.87800095739783,-304.8681063859243,-310.5585662616016,-315.9643693604965,-321.0997546908544,-325.97824899919914,-330.61270240004575,-335.0153222231288,-339.1977051673489,-343.17086784617237,-346.94527580496793,-350.5308710867436,-353.93709841890666,-357.17293009004607,-360.24688958227455,-363.1670740213877,-365.94117550399034
21,0.3359375,-26.249018253207925,-44.13809251543516,-61.08643871676888,-77.17677335155798,-92.46004860854474,-106.97843729493829,-120.77059878972346,-133.87294330932815,-146.31998965025178,-158.1445148870593,-169.37765375465662,-180.04898344484693,-190.18660202413054,-199.81720246866826,-208.96614290747675,-217.65751334309982,-225.9141990410087,-233.75794075573637,-241.20939195085347,-248.28817316183785,-255.01292364370957,-261.4013504384054,-267.4702749903441,-273.23567743233355,-278.71273865796985,-283.91588029096096,-288.85880265632767,-293.55452085324475,-298.01539902432427,-302.2531829114339,-306.27903078365347,-310.1035428187124,-313.73678901519816,-317.18833570896396,-320.46727076351095,-323.58222750062475,-326.541407434249,-329.35260186742744,-332.02321240915484,-334.5602704651477
22,0.33671875,-23.73987673136769,-39.91849139516332,-55.246089611340025,-69.79752854769775,-83.61892342111604,-96.7484408428857,-109.22106430932696,-121.0697392909529,-132.32569781381994,-143.0185945261024,-153.17659704661503,-162.82646298934424,-171.99361113232007,-180.70218856366958,-188.9751343568666,-196.8342400300841,-204.30020697032492,-211.3927009796404,-218.13040408935655,-224.53106377991608,-230.61153973673473,-236.38784826573,-241.8752044859183,-247.08806241051124,-252.04015302231304,-256.744520443903,-261.2135562980105,-265.4590323487082,-269.4921315094921,-273.32347730000026,-276.9631618290181,-280.4207723775268,-283.70541665185993,-286.82574677351096,-289.7899820688187,-292.60593071857045,-295.2810103245753,-297.82226744739233,-300.23639616668805,-302.529755713126
23,0.3375,-21.196223629606827,-35.64180847665677,-49.32777761205441,-62.32091847603678,-74.66237064143787,-86.38618547165272,-97.52357799480865,-108.10394756852989,-118.15516661259612,-127.70370139486484,-136.77469221701006,-145.3920218410349,-153.57837877723168,-161.3553170413657,-168.74331285589318,-175.76181851099784,-182.4293135387864,-188.76335333554158,-194.780615358351,-200.4969430160704,-205.9273873688905,-211.0862467452691,-215.98710437978266,-220.6428641703996,-225.06578464885794,-229.26751125323895,-233.25910698741734,-237.0510815478892,-240.6534189944867,-244.07560403769162,-247.32664701163992,-250.4151075984764,-253.34911736644915,-256.13640118101733,-258.78429754530276,-261.2997779233884,-263.68946509731506,-265.95965060607807,-268.1163113125126,-270.16512514167766
24,0.33828125000000003,-18.61779774256316,-31.30570584386949,-43.32619640662172,-54.737979169013514,-65.57722214155675,-75.87385905056223,-85.65532686150176,-94.94746393637351,-103.77476466489247,-112.16048622666744,-120.12671948277351,-127.69444940768413,-134.88361092213412,-141.71314156647705,-148.20103144883038,-154.3643706688115,-160.2193943591688,-165.78152546910002,-171.0654154039978,-176.08498262975746,-180.8534493440829,-185.38337631188517,-189.68669595694365,-193.77474379728895,-197.65828830734236,-201.34755928566418,-204.85227480316996,-208.18166680291853,-211.34450541899633,-214.34912207863215,-217.20343144845455,-219.9149522827494,-222.49082722867814,-224.93784164065272,-227.26244145346215,-229.4707501612421,-231.56858494703977,-233.5614720054716,-235.4546610988471,-237.25313938511735
25,0.33906250000000004,-16.01274723879734,-26.925780836367842,-37.26499435498916,-47.080834414017765,-56.4043743312397,-65.26133408826273,-73.67529191133188,-81.66845504245389,-89.26187768195355,-96.4755521176388,-103.3284692196314,-109.83867007496364,-116.02329375550757,-121.8986224289565,-127.48012416848336,-132.78249362207188,-137.81969065600154,-142.6049770734463,-147.15095150293934,-151.46958254682806,-155.57224027568049,-159.46972615052334,-163.17230145093077,-166.68971428320796,-170.03122523930813,-173.20563177368626,-176.22129136197154,-179.08614350220614,-181.80773061639246,-184.39321790723102,-186.8494122222068,-189.18277997459228,-191.39946416847317,-193.50530057254977,-195.50583308525165,-197.40632833156462,-199.21178952997312,-200.92696966599308,-202.55638400695352,-204.1043219909596
26,0.33984375,-13.380933839556207,-22.49991020569341,-31.139182793406675,-39.34095194623411,-47.131215480515344,-54.531489686210065,-61.561495839929464,-68.23980589306548,-74.58402558293497,-80.61087123233548,-86.3362207470974,-91.77515708283428,-96.94200839756878,-101.85038592764539,-106.51321990082397,-110.94279363201679,-115.15077590472339,-119.14825172767485,-122.94575154954146,-126.55327900969837,-129.98033729888917,-133.23595419972423,-136.32870587338277,-139.26673945547444,-142.05779452081,-144.7092234738193,-147.22801091846364,-149.62079205878766,-151.8938701786739,-154.05323324692154,-156.10456969144954,-158.05328338422717,-159.90450787644812,-161.6631199214758,-163.33375232121742,-164.92080612977912,-166.4284622465779,-167.86069242945965,-169.22126975684674,-170.51377856649017
27,0.340625,-10.730546936407565,-18.043746803338017,-24.972460015624623,-31.55048135156948,-37.79862629658115,-43.734124878246305,-49.37277315332627,-54.72944933318117,-59.818259592536045,-64.65259898004702,-69.24519184925377,-73.60812638291587,-77.75288654640607,-81.69038227436558,-85.43097812486694,-88.98452050630043,-92.36036355189779,-95.56739370829517,-98.61405310073468,-101.50836173463921,-104.25793859068563,-106.87002166786851,-109.35148702655667,-111.70886688107275,-113.94836678895471,-116.07588198179737,-118.09701288036624,-120.01707983460265,-121.841137127138,-123.57398627703323,-125.22018867864296,-126.78407760877847,-128.26976963369924,-129.6811754458914,-131.02201015911456,-132.29580308876245,-133.50590704325685,-134.65550715089813,-135.74762924538422,-136.785147832054
28,0.34140625,-8.06157202973975,-13.555395138960826,-18.760185763200372,-23.701374672199854,-28.394629202951535,-32.85291555398714,-37.08811772483306,-41.11142675402142,-44.933451181247335,-48.56426341080864,-52.01343050072122,-55.29004039630077,-58.40272615499725,-61.35968879134596,-64.16871893359308,-66.83721738122232,-69.37221462655116,-71.7803893950767,-74.06808625502644,-76.24133234348959,-78.30585325391607,-80.2670881273311,-82.13020398742637,-83.90010935758797,-85.58146719596198,-87.17870718282772,-88.69603739278462,-90.13745538262229,-91.5067587241768,-92.8075550099977,-94.04327135824363,-95.2171634418985,-96.33232406613749,-97.39169131646848,-98.39805629915202,-99.35407049430206,-100.26225274107,-101.12499587332303,-101.9445730233129,-102.72314360995637
29,0.34218750000000003,-5.38218924380625,-9.05046707094583,-12.525962155827674,-15.825609079663504,-18.959837161102865,-21.93728024486765,-24.765854830296924,-27.453018368986374,-30.005842040804712,-32.43104107032754,-34.734994844641186,-36.9237641145649,-39.00310693650538,-40.97849374867475,-42.8551216930959,-44.6379282321811,-46.331604094770114,-47.94060558306008,-49.46916627048995,-50.92130811955528,-52.30085204749001,-53.611427966583335,-54.85648432479787,-56.0392971711982,-57.1629787695793,-58.23048578261073,-59.24462704773636,-60.208070965068714,-61.12335251653349,-61.99287993458927,-62.81894103794622,-63.60370925086087,-64.34924932176574,-65.05752275621263,-65.73039297837876,-66.36963023466227,-66.97691625224296,-67.55384866483044,-68.10194521722013,-68.6226477597035
30,0.34296875000000004,-2.6925079475339477,-4.5273065534010835,-6.2655259491117,-7.915670541468917,-9.482980593783184,-10.971792272238723,-12.386079030472413,-13.729581997685441,-15.005847110777802,-16.218240755826205,-17.369960158937662,-18.46404222492402,-19.50337168499116,-20.49068876988144,-21.428596476511373,-22.319567460543823,-23.165950577788752,-23.969977093942994,-24.73376658041587,-25.459332512703536,-26.148587586772358,-26.80334876794686,-27.42534208600954,-28.016207189442078,-28.577501671036156,-29.110705176466894,-29.61722330679079,-30.098391325274044,-30.555477678411673,-30.98968734049453,-31.402164990596805,-31.793998030409586,-32.166219450916095,-32.519810555494075,-32.85570354665827,-33.17478398327361,-33.477893114744276,-33.76583009834202,-34.03935410553154,-34.29918632285947
31,0.34375,-0.0006485646745485105,-0.001388199302425765,-0.0022375737706321046,-0.003166664886540757,-0.0041543243313517135,-0.0051849834445886825,-0.006246776296538867,-0.007330417052409251,-0.00842849455092819,-0.00953500769515902,-0.010645046075055186,-0.01175456202437986,-0.012860202649774603,-0.01395918266157868,-0.015049185922113064,-0.016128287765525468,-0.017194892733944256,-0.018247683997933067,-0.01928558180264436,-0.02030770897749683,-0.02131336208563875,-0.022301987092168782,-0.023273158722722103,-0.024226562849859065,-0.025161981382256667,-0.02607927925379043,-0.02697839316814873,-0.02785932183329865,-0.028722117461496683,-0.029566878353496886,-0.030393742410916122,-0.03120288145118675,-0.03199449621837138,-0.032768811995110045,-0.03352607474583844,-0.03426654771497099,-0.03499050843264707,-0.035698246074110825,-0.03639005913079978,-0.03706625335987648
32,0.34453125,2.69315634160377,4.52869438272176,6.267762916226132,7.918836330737317,9.487133744584124,10.976975757829956,12.392323960385864,13.736910197684198,15.01427299749849,16.227772746862133,17.380601763539357,18.475792906751163,19.516227556864383,20.504643161365287,21.44364040301079,22.335690014705726,23.183139258627367,23.98821808537676,24.75304498822799,25.47963256702649,26.16989281569872,26.82564214681871,27.44860616606305,28.040424208834807,28.602653650776244,29.136774003326057,29.644190804970282,30.12623931830985,30.584188042586643,31.019242050837097,31.432546160399703,31.825187945070315,32.198200596791416,32.552565644377985,32.889215536400044,33.209036095007285,33.51286884712541,33.801513239148825,34.07572874094474,34.33623684469168
33,0.3453125,5.38089611316248,9.047699231236535,12.521500803956682,15.81929527380595,18.95155412567645,21.926942245618555,24.75339979166868,27.438402729838756,29.989037016625915,32.41202984180021,34.71377038299395,36.90032746140453,38.97746581855516,40.95066144606694,42.825116103960575,44.605771092116264,46.29732032045559,47.90422271671852,49.43071400719929,50.88081790332922,52.2583567248816,53.56696148880212,54.81008149098252,55.990993406807775,57.11280993491304,58.178488007269294,59.190836587524664,60.15252407836934,61.06608535762794,61.93392846176496,62.758340934538715,63.541495857631276,64.2854575792256,64.992187155698,65.66354752081394,66.3013083961063,66.90715095540614,67.48267225585586,68.02938944710853,68.54874376982667
34,0.34609375000000003,8.06221642642053,13.556774412221396,18.762408939234746,23.704520944069497,28.398756749084885,32.85806708264913,37.09432415369725,41.11870977422386,44.941825120473695,48.57373663468599,52.024006496795806,55.301718631472205,58.41550276598809,61.37355714878615,64.18367010822499,66.85324053288959,69.38929733129518,71.79851792195639,74.08724580161784,76.26150723712198,78.32702712421226,80.2892440545763,82.15332463041933,83.92417706398354,85.60646409760858,87.20461527816892,88.7228386180828,90.16513167348201,91.5352920686272,92.83692749420757,94.0734652057958,95.24816104742182,96.36410802398277,97.4242444450357,98.43136166138059,99.38811141479428,100.29701282023949,101.16045899892433,101.98072337966394,102.75996568512306
35,0.34687500000000004,10.72926577722464,18.041004587544382,24.96803996570628,31.544225997083224,37.79041994294515,43.723882584821624,49.36043341913617,54.714969000258016,59.80161014274006,64.63376374966263,69.2241638744757,73.5849066956079,77.72748280166523,81.66280762929273,85.40125031181617,88.95266105957558,92.3263971574433,95.53134765330022,98.57595680532157,101.46824635168315,104.2158366626248,106.82596683157863,109.30551375900004,111.6610102797405,113.89866238215897,116.0243655646645,118.0437203730638,119.96204715985711,121.78440010454278,123.51558053200628,125.16014956419933,126.72244013853334,128.2065684247263,129.61644467024968,130.95578350299337,132.22811371834646,133.4367875765061,134.58498963454423,135.67574513652684,136.71192798380827
36,0.34765625,13.381570266104887,22.501272419586222,31.14137847231001,39.34405930364112,47.13529197517973,54.536577498044934,61.56762550407464,68.24699883223293,74.59229594745692,80.6202272842269,86.34666593062971,91.78669087136706,96.95462697548086,101.86408274744434,106.52798614358568,110.95861859156409,115.16764731067694,119.16615601884952,122.96467410653288,126.5732043536301,130.00124926181846,133.25783607117535,136.3515405266165,139.2905094564649,142.08248222240272,144.73481109711287,147.2544806231518,149.64812600392105,151.92205057508534,154.08224240237493,156.13439004942822,158.08389755714882,159.93589867398612,161.69527037458448,163.36664570236877,164.9544259698737,166.4627923489182,167.89571688113648,169.2569729378473,170.55014515679346
37,0.3484375,16.011485950026085,26.923081151535595,37.26064285867377,47.07467607799745,56.396295255193515,65.25125064880558,73.6631435611831,81.6541992928377,89.24548645685853,96.45700901161943,103.307767376714,109.81581051084036,115.99828400638896,121.87147544773399,127.4508574123533,132.75112829122708,137.78625105340808,142.56949006298484,147.11344604835662,151.43008931776302,155.53079130979665,159.42635456296048,163.12704118389777,166.64259988982974,169.98229169685933,173.15491432212772,176.1688253643749,179.03196432417045,181.75187352199092,184.3357179693797,186.79030424564965,189.12209842994264,191.3372431359579,193.44157369428683,195.4406335250284,197.33968874123156,199.14374202166132,200.85754578946634,202.48561473149007,204.03223769122167
38,0.34921875,18.618422275375476,31.30704260026491,43.328351051874805,54.74102845481926,65.58122245270678,75.87885177851656,85.6613419705496,94.9545224486608,103.78288046608891,112.16966742416889,120.13696945627285,127.70576764018077,134.89599366912387,141.7265824026523,148.2155217199164,154.37989986856633,160.23595044639762,165.7990951359422,171.08398430416685,176.10453557357368,180.8739704656937,185.40484921305995,189.70910383098177,193.7980695359599,197.68251459328295,201.3726686722382,204.87824978349497,208.20848986949096,211.37215911513616,214.37758904278715,217.23269445226254,219.94499426363194,222.52163131763172,224.96939118582392,227.2947200400059,229.5037416279156,231.60227339991394,233.59584182910436,235.48969696522056,237.2888262606002
39,0.35000000000000003,21.19498998768874,35.63916796761298,49.32352149833634,62.314895127427164,74.65446865407517,86.37632305492377,97.51169592836553,108.09000429468232,118.13913467049134,127.68556473840361,136.75444414025088,145.36966333716936,153.55391721705644,161.32876509364357,168.71468759497753,175.73114067221286,182.3966068922382,188.72864415613688,194.74393197485435,200.45831542576582,205.88684690711926,211.04382580124886,215.94283615168857,220.59678245394824,225.01792365463348,229.21790544876762,233.20779096065075,236.99808988926256,240.59878619514555,244.0193644018239,247.2688345811481,250.35575608846372,253.28826011019595,256.0740710833039,258.720527043068,261.23459895286,263.6229090668348,265.89174837394955,268.0470931692798,270.09462079630345
40,0.35078125000000004,23.74048552017142,39.91979445289177,55.248189939419454,69.80050096280803,83.62282288642109,96.75330770615234,109.22692777919671,121.07661985933335,132.333609016041,143.02754426488696,153.18658861617175,162.83749588543284,172.00568170457518,180.71529054852215,188.98925931799158,196.84937772589802,204.31634566300917,211.4098276966655,218.148504845968,224.5501237692499,230.63154349282183,236.40877980366474,241.89704742264243,247.11080006905647,252.06376852186793,256.768996777658,261.2388764004435,265.4851791537051,269.51908800049324,273.35122655318685,276.99168705041336,280.45005693476713,283.735444101284,286.85650088314,289.82144683771287,292.63809039300344,295.31384941139964,297.8557707249297,300.2705486934408,302.5645428345631
41,0.3515625,26.247819864138748,44.13552746217932,61.08230422659321,77.17092212708347,92.45237242917669,106.96885670705397,120.75905626496355,133.8593984772412,146.30441583438147,158.12689649951304,169.3579842808006,180.02726384918165,190.16283946653107,199.79140925560097,208.93833562512674,217.62771213403119,225.88242699587028,233.72422339842652,241.17375680046246,248.2506493583211,254.97354162686776,261.3601416718235,267.42727172347014,273.19091249510234,278.66624528334876,283.8676919615347,288.8089529716821,293.50304341539385,297.9623273388432,302.1985503022954,306.22287032005096,310.0458872523884,313.6776707269921,317.12778666346713,320.4053224708489,323.5189109845251,326.4767532056428,329.28663990292875,331.95597213384497,334.49178073914777
42,0.35234375,28.716180777336298,48.286427498279316,66.8274053644777,84.42963017184752,101.14886081025352,117.03124731875435,132.1190932572211,146.45223964731323,160.06845686181026,173.00360873446988,185.29176151819692,196.9652768201177,208.0548975149898,218.58982883439458,228.59781528699946,238.10521371015997,247.13706266590845,255.71714836779978,263.8680673123773,271.6112857797584,278.9671963595326,285.9551716504791,292.593615275205,298.90001034382965,304.890965494171,310.5822586295295,315.98887846915875,321.1250640207485,326.0043420788052,330.6395628476288,335.04293378265,339.2260517392174,343.19993351346585,346.97504485567566,350.561328032501,353.96822801065133,357.2047173309538,360.2793197382998,363.20013262969525,365.97484837952277
43,0.353125,31.138823202956036,52.35977675363651,72.46449423775384,91.55116473041456,109.68027658536315,126.90189178757163,143.26189686403427,158.80350495626024,173.5676816243314,187.59332336196368,200.91737613172052,213.574936415007,225.59934457555644,237.0222729423384,247.87380933709542,258.18253638171836,267.97560682298564,277.2788150813982,286.116665215767,294.51243548428687,302.48823967322363,310.0650853555747,317.26292923372847,324.10072971235604,330.59649684036873,336.7673397537519,342.6295117444703,348.19845307432274,353.48883164665904,358.51458164320235,363.28894022783606,367.82448241411004,372.13315418836515,376.2263039757789,380.1147125322438,383.8086213408635,387.31775958787847,390.65136978910635,393.81823213441544,396.8266876143698
44,0.35390625000000003,33.51483123102703,56.355358661525976,77.99460761349398,98.53822263571456,118.05128237244494,136.58765037556282,154.1967005920951,170.9249326784302,186.81642944373692,201.91304842750088,216.25454909545354,229.87870132624073,242.82138569742776,255.1166881372916,266.7969897083293,277.89305187367273,288.43409749556076,298.44788778384896,307.9607953976107,316.99787389199525,325.5829236927776,333.7385547720248,341.4862461896369,348.84640265736584,355.8384082741135,362.48067757388196,368.79070402072546,374.78510607832675,380.4796709754647,385.8893962825791,391.02852940888323,395.910605124012,400.54848120298914,404.9543722883691,409.1398820587037,413.1160337880516,416.8932993769817,420.4816269315275,423.8904669627094,427.1287972756167
45,0.35468750000000004,35.83784534213684,60.261210610273096,83.39991654545665,105.36696395988442,126.23196536469224,146.0525345068498,164.8814802303929,182.76853502061218,199.76084494087334,215.9031750056596,231.23804554778766,245.8058484776517,259.6449547064153,272.7918154988271,285.2810585882124,297.14557943806375,308.4166279226716,319.12389066407843,329.2955692454755,338.9584545087098,348.13799713260454,356.858374678763,365.14255528197674,373.01235815342625,380.4885110563681,387.5907049059371,394.33764563709394,400.747103477486,406.83595975514083,412.6202513643767,418.11521300714475,423.335317321127,428.29431300034463,433.0052610087332,437.4805689820986,441.73202390911223,445.77082317744055,449.6076040668089,453.2524717667024,456.71502599251306
46,0.35546875,38.10685160549069,64.07684029883472,88.68094717115873,112.0392941903258,134.2258785234913,155.30194514863427,175.32363399312877,194.3438166622428,212.41261661635372,229.57762703502328,245.8840554664809,261.374847197031,276.09079929135544,290.0706682233455,303.35127196931177,315.9675869635156,327.9528401997417,339.3385967270588,350.1548427708604,360.43006469783165,370.1913240323971,379.46432872191747,388.27350083804237,396.6420408923253,404.59198893533943,412.14428260006525,419.3188122423368,426.134473323477,432.6092161730242,438.76009326255064,444.60330411503844,450.15423796805464,455.42751430305475,460.43702134753494,465.1959526514098,469.71684183393694,474.0115955926796,478.0915250614314,481.96737559968517,485.64935509208334
47,0.35625,40.31591524762091,67.79111406489166,93.82115063481285,118.53314081907331,142.00539210190874,164.3027147843687,185.4845144434393,205.6067362908782,224.722416222173,242.8819117813723,260.133055519554,276.5212857465419,292.0897673515044,306.87950580080155,320.9294552478532,334.27662118628433,346.9561579520339,359.00146134079165,370.4442565879939,381.3146819446933,391.6413680703763,401.4515134525471,410.7709560522147,419.6242413643794,428.0346870730925,436.0244444716007,443.6145568095531,450.8250147210866,457.674808879906,464.1819800201415,470.3636664548095,476.23614921710197,481.8148949434512,487.11459661136615,492.14921223936636,496.93200165098756,501.4755613997044,505.79185794678386,509.8922591794752,513.7875643525608
48,0.35703125,42.46393056812522,71.40326690827632,98.82053920056002,124.84960624002755,149.57292749957847,173.05875178762827,195.36963889057043,216.5645063915192,236.6992093742561,255.82678323063845,273.99760487182505,291.2595302198078,307.6580212989159,323.236266182107,338.0352927644406,352.09407680996134,365.44964458853644,378.13717037942723,390.190069099299,401.6400842984522,412.5173717566673,422.8505788985576,432.6669202373315,441.99224904547896,450.851125441006,459.2668810684039,467.26168054463096,474.8565798318508,482.0715816906118,488.925688359463,495.43695159971105,501.6225202370899,507.49868532552296,513.0809230519096,518.3839354949048,523.4216893450363,528.207452688112,532.7538299487859,537.072795086309,541.1757231298748
49,0.35781250000000003,44.545424129335345,74.90306275875922,103.66394613227125,130.96852144947934,156.90330837602662,181.53991418997515,204.94397494611752,227.17730366183872,248.29849908081306,268.36320080564735,287.42425870209615,305.5318773371234,322.7337494520072,339.0751819023853,354.59921509646404,369.34673640683,383.35658789290125,396.66566862783293,409.30903190268265,421.3199775653723,432.7301397385178,443.5695701478079,453.8668172808496,463.64900158532765,472.9418869048141,481.76994834058155,490.1564367183383,498.1234398298053,505.6919406105496,512.8818724073889,519.7121714810082,526.2008268821276,532.3649278326351,538.2207087365219,543.7835919391973,549.0682283478404,554.0885360197944,558.8577368206555,563.3883912486328,567.6924315169027
50,0.35859375000000004,46.55920527825585,78.28946863353413,108.35086974510614,136.8901789512115,163.9978096404103,189.74859367494585,214.21112499833697,237.45000392504645,259.5264727970911,280.4986822377945,300.42186793083437,319.34850138621727,337.32842929942285,354.4090050736454,370.6352135720784,386.0497895900067,400.69333039411623,414.60440263273557,427.81964389973143,440.3738592194799,452.30011270670974,463.629814642391,474.3928041947702,484.61742800325436,494.33061483199054,503.55794648963695,512.3237252020443,520.6510376152103,528.5618155970258,536.0768939978984,543.2160655223503,549.9981328560705,556.4409581856875,562.561510241666,568.3759089881993,573.8994680777945,579.1467351823442,584.1315303068942,588.8669821870144,593.3655628656109
51,0.359375,48.50029565858007,81.55320916323656,112.86761893056334,142.5964375943825,170.83386357922225,197.65785965746585,223.13988769360077,247.34724741282622,270.3437391262585,292.189941458408,312.94339575270794,332.65876330541244,351.3879706683003,369.1803467544571,386.08275286844884,402.1397061775774,417.3934969905304,431.88430016287435,445.65028092609566,458.7276954203531,471.1509861965091,482.9528729395583,494.1644386527895,504.8152115299955,514.9332427316097,524.5451802697945,533.6763391972481,542.3507682846969,550.5913133627963,558.4196774953433,565.8564781423485,572.921301463582,579.6327539056538,586.0085112085396,592.0653649606513,597.8192668250985,603.2853705536414,608.4780718990089,613.4110465307222,618.0972860542903
52,0.36015625,50.36742700548804,84.6929897510996,117.21318114786928,148.0867781892676,177.4115907508962,205.2685723855005,231.7319282892452,256.8715432255154,280.75366921515524,303.441213595022,324.9939302749535,345.4685828486632,364.919095361328,383.3966945969029,400.95004504007704,417.6253770431537,433.4666085739914,448.5154608737764,462.8115683306312,476.39258285846114,489.294273055684,501.55061840480266,513.1938987607098,524.2547793632745,534.7623915980018,544.744409717362,554.2271237247976,563.2355086132928,571.7932901408242,579.9230073158801,587.6460717575941,594.9828240868022,601.9525874965196,608.5737186429118,614.8636559907718,620.8389657408273,626.5153854598218,631.9078655282673,637.0306085150316,641.8971065824443
53,0.3609375,52.156146737255916,87.70055291435908,121.37542532638555,153.34519928411896,183.71117120634787,212.55717869334887,239.96006883313794,265.99221313353746,290.7222201229672,314.21523396047377,336.53313270565127,357.73469737897517,377.87576819826666,397.00939200490757,415.18596208429983,432.45335093532276,448.8570363821204,464.44022137132964,479.2439477735247,493.307204489944,506.6670301499207,519.3586106700193,531.4153719321622,542.8690678251198,553.7498638814568,564.0864167303728,573.9059495758397,583.2343238989235,592.0961075732275,600.5146395729239,608.5120914438545,616.1095256996534,623.326951296723,630.1833763342108,636.6968581178062,642.8845507192426,648.7627501567799,654.3469373156779,659.65181872172,664.6913652751812
54,0.36171875000000003,53.86511679651467,90.57435042390843,125.35283431205748,158.3703731966833,189.73157041000673,219.5230020896921,247.82402718483155,274.70938404492057,300.2499259038866,324.51292896746736,347.5622969689347,369.45873561927704,390.25991385369986,410.02061600676143,428.7928861519181,446.62616517299864,463.5674209701602,479.66127215212487,494.9501055420907,509.47418780692556,523.2717715034362,536.379195820852,548.8309822846755,560.6599256738401,571.8971803905326,582.5723425100692,592.7135277268728,602.3474454017806,611.4994689056692,620.1937024446271,628.4530445426498,636.2992483490307,643.7529789292624,650.8338676903237,657.560564083674,663.9507847221269,670.0213600399454,675.7882786190411,681.2667292980215,686.4711411749719
55,0.31796875,-66.01475046374769,-111.00384135066811,-153.62662058199228,-194.09121000535612,-232.52581847765683,-269.03655852008393,-303.7206956269299,-336.66983112717384,-367.9708039299875,-397.7060683446849,-425.9539449412926,-452.7888344677425,-478.28141555422405,-502.49883127894446,-525.5048661161038,-547.3601139656677,-568.122137761061,-587.8456210878654,-606.582512216142,-624.3821609267942,-641.2914484928307,-657.3549111581458,-672.6148574392488,-687.1114795590383,-700.8829593062263,-713.9655685993328,-726.3937650201716,-738.2002825685119,-749.4162178769859,-760.0711121133592,-770.1930287859007,-779.808627656804,-788.9432349583567,-797.6209100968015,-805.8645090195959,-813.6957444129685,-821.13524288834,-828.2025993082235,-834.9164283946993,-841.2944137563966
56,0.31875000000000003,-65.23357054529173,-109.69057281968169,-151.80943102139238,-191.79577435820823,-229.77627278374706,-265.8557663782421,-300.13035618555745,-332.690548435456,-363.6221450181833,-393.0066164416896,-420.921349454116,-447.4398582357211,-472.63197961896054,-496.5640573351264,-519.2991167805135,-540.8970309870224,-561.414678283149,-580.9060920703187,-599.4226031102833,-617.012974697914,-633.7235310748089,-649.5982794213727,-664.6790257482558,-679.0054849920402,-692.6153856048692,-705.5445689132841,-717.8270835077718,-729.4952749114937,-740.5798707642381,-751.110061745871,-761.1135784523206,-770.6167644265201,-779.6446455365893,-788.2209958839354,-796.3684004148257,-804.1083144002852,-811.4611199409688,-818.4461796457787,-825.081887625598,-831.385717936421
57,0.36250000000000004,55.490437827773846,93.30719359371648,129.13491186420188,163.1485368285869,195.4558383737999,226.14601204131515,255.3008163548166,282.9972484103311,309.30830195918526,334.30328505955583,358.0480309883818,380.6050780858216,402.03383596222744,422.3907423358617,441.72941178160204,460.1007769800327,477.5532228848475,494.13271417322403,509.88291631804833,524.8453106020994,539.0593033777179,552.5623298601653,565.3899527283238,577.5759557926602,589.1524329773348,600.1498728509383,610.5972389286143,620.5220459571397,629.9504323839582,638.9072292010821,647.4160253452344,655.4992298265138,663.1781307492471,670.4729513805032,677.4029034139559,683.9862375694073,690.2402916612472,696.1815362624607,701.8256180844731,707.1874011870801
58,0.36328125,57.03071023068586,95.89729010768701,132.71964556924578,167.67756219065512,200.88179184641368,232.4239994884151,262.3882085443587,290.85355016306653,317.8950419577958,343.5839142229818,367.98782652756233,391.171052428906,413.19465020408336,434.1166239746184,453.99207653371604,472.87335447724337,490.81018606493643,507.8498121844948,524.0371107653359,539.4147149699014,554.0231254736577,567.9008171293779,581.0843402964939,593.6084171022878,605.5060328883823,616.8085230832966,627.545655729831,637.7457098845866,647.4355500960737,656.6406971575373,665.3853953208218,673.6926761482808,681.5844191708857,689.0814095122779,696.2033926305149,702.9691263216883,709.3964301223575,715.502232240911,721.3026141414559,726.8128528976459
59,0.3171875,-66.69541696555216,-112.14865028078069,-155.2113321020468,-196.0937023137719,-234.92527131826566,-271.8132299714479,-306.8558339434967,-340.1456184965058,-371.77030897301415,-401.81320214961806,-430.3534194350866,-457.4661228139552,-483.22271445539224,-507.6910250993424,-530.935492747366,-553.0173323590924,-573.9946970515684,-593.9228312362877,-612.8542160987106,-630.8387078031593,-647.923668786582,-664.1540924865154,-679.5727218313787,-694.2201618048849,-708.1349863807955,-721.3538401094853,-733.9115346237121,-745.8411403176469,-757.1740734405229,-767.9401788342082,-778.1678085325387,-787.8838964293684,-797.1140292119445,-805.882513746387,-814.2124410927179,-822.1257473180021,-829.6432712677498,-836.7848094477054,-843.5691681605534,-850.0142130348403
60,0.3640625,58.48261191681223,98.3385643971542,136.0982387292646,171.94600939195314,205.99545530308328,238.3405800251415,269.0675494489842,298.257511546135,325.9873952600721,352.33024524087324,377.35544409877605,401.12890192395827,423.71323143929936,445.1679132826433,465.5494527666618,484.9115287367337,503.30513496677617,520.7787144769903,537.3782871304165,553.1475708454753,568.1280967442518,582.3593185401573,595.8787164532955,608.7218959274072,620.9226814085362,632.5132054325037,643.5239932559248,653.9840432537275,663.920903294977,673.3607432982061,682.3284241573812,690.8475632200687,698.9405964902799,706.6288377198397,713.9325345439282,720.8709218086614,727.4622722311678,733.7239445256006,739.6724291218491,745.3233915973576
61,0.0,59.84469037182661,100.62899110925513,139.26819607836435,175.95096325614406,210.7935102372205,243.8920256427942,275.33467934679027,305.2045074275032,333.5802293689837,360.5365903959088,386.14458876913915,410.4716696245677,433.5819041365487,455.53615859887464,476.39225479745755,496.20512230603435,515.0269431526641,532.9072892482459,549.8932529410605,566.0295710415039,581.3587426435719,595.921141053324,609.7551201190038,622.8971152427849,635.3817393401291,647.2418739994241,658.5087560819679,669.2120599903404,679.3799758218133,689.0392836126134,698.2154238685614,706.9325645678327,715.2136648122954,723.0805352950557,730.5538957434559,737.653429488817,744.3978353066268,750.8048766637185,756.8914285021252,762.673521682832
62,0.0,61.114221256123145,102.76364525059165,142.22247469594876,179.68337763046603,215.2650417511289,249.06569907820136,281.1753916283328,311.67891794430693,340.65666786923026,368.18497230052,394.3363354148463,419.1796326947814,442.7802939474752,465.2004760124419,486.49922656610664,506.7326396707133,525.9540035268311,544.2139408303594,561.5605421067365,578.0394923745234,593.6941914723744,608.5658683665911,622.6936897404813,636.1148631516627,648.8647350291079,660.9768837681023,672.4832081683786,683.4140114483943,693.7980810570648,703.662764493195,713.0340413323194,721.9365916506725,730.393861026527,738.4281222900978,746.0605341846689,753.3111970934491,760.1992059789291,766.7427006741873,772.9589136585925,778.8642154437463
63,0.31640625,-67.27203359425609,-113.11797580431018,-156.55254422179593,-197.78782316868654,-236.9544623882676,-274.160594689029,-309.5053375111762,-343.0820363603078,-374.97918369797407,-405.28080393829197,-434.06670907315083,-461.4127166541798,-487.39085125554493,-512.069534587684,-535.513765811255,-557.7852927638811,-578.942774605048,-599.0419363203296,-618.1357154951226,-636.2744017454736,-653.5057691736693,-669.8752021976887,-685.4258150861123,-700.1985655134433,-714.2323624350192,-727.5641685657235,-740.2290977324581,-752.2605073568363,-763.690086311714,-774.5479383829941,-784.8626615565421,-794.6614233390634,-803.9700323113418,-812.8130061023029,-821.2136359629515,-829.1940481102575,-836.7752620025751,-843.977245700076,-850.8189684560186,-857.3184506773692
64,0.31562500000000004,-67.7460639617065,-113.915294019618,-157.65630370719003,-199.18264738668714,-238.6258774344182,-276.0948746147209,-311.68944344520884,-345.503577709646,-377.62638534695583,-408.1424758500537,-437.13221747853976,-464.6719566225967,-490.8342205699876,-515.6879088702394,-539.298474848469,-561.7280979814512,-583.0358476414766,-603.2778386499375,-622.5073790520421,-640.7751105017281,-658.1291416261207,-674.6151747203817,-690.2766261063306,-705.1547404715838,-719.2886994901438,-732.7157250103797,-745.4711770820268,-757.5886470802885,-769.1000461722178,-780.0356893583107,-790.424375310594,-800.293462217429,-809.6689398347552,-818.5754979334924,-827.0365913233546,-835.0745016242979,-842.7103959482753,-849.9643826458326,-856.8555642643466,-863.4020878573748
65,0.31484375000000003,-68.11456226739696,-114.53470032150399,-158.51326936737166,-200.26500863094589,-239.9222032427917,-277.59433962398003,-313.38177606865224,-347.37902675294436,-379.675692105333,-410.3568486062835,-439.50330760207686,-467.19183600762034,-493.4953602856047,-518.4831589360994,-542.2210450647777,-564.7715397509673,-586.1940367269883,-606.5449588153378,-625.8779065389296,-644.2437992967454,-661.6910094771213,-678.2654898620909,-694.0108946585019,-708.9686944747783,-723.1782855462324,-736.6770934966828,-749.5006719096987,-761.6827959691398,-773.255551415647,-784.249419053409,-794.693355029795,-804.6148670993085,-814.0400870727467,-822.9938396423823,-831.4997077644605,-839.5800947712066,-847.2562833759575,-854.5484917268128,-861.4759266564556,-868.0568342683866
66,0.3140625,-68.37903394565187,-114.97961209008199,-159.12927177385083,-201.04356520341395,-240.85527566493752,-278.6743025450614,-314.60138388079685,-348.7313924746452,-381.15426948184,-411.9554154659555,-441.21595004037675,-469.01293330004853,-495.41957049648033,-520.505405200146,-544.3365025182018,-566.9756230874149,-588.4823883529954,-608.9134375796986,-628.3225770106526,-646.7609215667736,-664.2770294596772,-680.9170300723018,-696.7247454438053,-711.741805678491,-726.0077585825524,-739.5601738172788,-752.4347418429172,-764.6653679137046,-776.2842613715565,-787.3220204735377,-797.8077129764752,-807.7689526909093,-817.2319722059837,-826.2216919767693,-834.7617859559712,-842.8747439428392,-850.5819308134867,-857.903642788592,-864.8591608866674,-871.466801703662
67,0.31328125,-68.5371420137373,-115.2452803245017,-159.49670749620262,-201.50749372002764,-241.41074393200606,-279.3166231455983,-315.3261117666272,-349.5343099304421,-382.0313736160088,-412.90290684534807,-442.2302220903088,-470.09056233551746,-496.55730631629456,-521.700162197349,-545.5853512696867,-568.2757823910927,-589.83121768461,-610.3084299441941,-629.7613521652256,-648.2412195945935,-665.796704674822,-682.4740452378155,-698.317166285986,-713.3677956815853,-727.6655740490093,-741.2481591795938,-754.1513252139096,-766.4090568628218,-778.0536389154944,-789.1157412701091,-799.6244997112597,-809.6075926467944,-819.0913140062203,-828.1006424926738,-836.659307370873,-844.7898509643056,-852.5136880262862,-859.8511621412365,-866.8215993047531,-873.4433588235769
68,0.3125,-68.59042444695156,-115.33504261734508,-159.62115496408543,-201.66498258679334,-241.59972102838174,-279.5356107315311,-315.57370216915496,-349.80916224011685,-382.3322107988297,-413.2285129566534,-442.5794395513647,-470.4622892815591,-496.95049402777227,-522.1138126221854,-546.0185146406377,-568.7275549396917,-590.300739451439,-610.7948826840945,-630.2639573453237,-648.7592364825339,-666.3294285143083,-683.0208055083751,-698.8773250437855,-713.9407459780921,-728.2507384243016,-741.8449882271689,-754.7592962138956,-767.0276724805839,-778.6824259627082,-789.7542495254721,-800.2723007981152,-810.2642789650322,-819.7564977159348,-828.7739545471533,-837.3403965965924,-845.4783831857048,-853.2093452331985,-860.5536416969346,-867.5306131926703,-874.1586329308418
69,0.31171875000000004,-68.53716748861802,-115.24533485129345,-159.49679538519976,-201.50761810219225,-241.41090710757516,-279.3168268032596,-315.32635712896985,-349.5345978553106,-382.03170467014706,-412.9032813597921,-442.2306402032339,-470.09102402613,-496.55781143212585,-521.7007104765521,-545.5859423594652,-568.2764158630787,-589.8318930477949,-610.3091466558724,-629.7621096403062,-648.2420172135561,-665.7975417905394,-682.4749211814213,-698.3180803719296,-713.368747211997,-727.6665623174698,-741.2491834743945,-754.1523848208697,-766.4101510677222,-778.0547670061776,-789.1169025382878,-799.6256934540717,-809.6088181681329,-819.0925706178683,-828.1019295152686,-836.6606241347151,-844.7911968100387,-852.515062305456,-859.8525642167476,-866.8230285512345,-873.444814627667
70,0.31093750000000003,-68.37893217287467,-114.97939425402123,-159.1289206544687,-201.0430682920277,-240.85462377154755,-278.6734889227641,-314.6004036447258,-348.7302421970818,-381.15294689802045,-411.9539192527881,-441.2142796452797,-469.01108880555824,-495.41755251122214,-520.5032147697603,-544.3341410517221,-566.9730922958373,-588.479690197619,-608.9105742284041,-628.3195508007028,-646.7577349730252,-664.273685067323,-680.913530553428,-696.721093537191,-711.73800417217,-726.0038102987463,-739.5560815993733,-752.4305085442029,-764.6609963876496,-776.2797544634149,-787.3173810131204,-797.8029437719379,-807.7640565234334,-817.2269518252392,-826.2165500970676,-834.7565252530209,-842.8693670510355,-850.576440323674,-857.898041246236,-864.8534507903948,-871.4609855041226
71,0.31015625,-68.11463853497946,-114.53486356570653,-158.51353249250315,-200.26538101058858,-239.922691763475,-277.59494934135506,-313.38251064294855,-347.37988875240615,-379.6766832266966,-410.3579698406158,-439.50455936305093,-467.1932182329837,-493.49687251888986,-518.484800393379,-542.2228146898377,-564.7734362613444,-586.1960586526835,-606.5471045315803,-625.8801742940527,-644.2461872360075,-661.6935156631309,-678.2681122923716,-694.013631280629,-708.9715431994443,-723.1812442585357,-736.6801600658852,-749.5038441976609,-761.6860718376076,-773.2589287325385,-784.2528956982303,-794.6969288982922,-804.6185361074527,-814.0438491601318,-822.997692775107,-831.5036499375569,-839.5841240106697,-847.2603977404228,-854.552689308923,-861.4802055839536,-868.0611927049689
72,0.309375,-67.74586104362014,-113.91485969053761,-157.6556036332074,-199.1816566275566,-238.62457766679918,-276.09325238640196,-311.6874890165733,-345.50128424638797,-377.6237483335096,-408.1394926483918,-437.12888698690415,-464.66827900555,-490.8301970410267,-515.6835415141975,-539.2937664747249,-561.723052001447,-583.0304679657177,-603.2721296008185,-622.5013452896777,-640.7687569605735,-658.1224734606216,-674.6081972582361,-690.269344808211,-705.1471608963683,-719.2808272648762,-732.7075658043002,-745.4627365841249,-757.5799309799085,-769.0910601423261,-780.0264390410823,-790.4148663050269,-800.2837000687397,-809.6589300253321,-818.5652458752229,-827.0261023511595,-835.0637809907274,-842.6994488190446,-849.9532140961793,-856.8441792761206,-863.3904913167667
73,0.30859375,-67.27216018432873,-113.11824675947707,-156.55298096082117,-197.78844124998096,-236.95527324219415,-274.1616067070312,-309.50655676855575,-343.0834671198726,-374.9808287759904,-405.28266497974516,-434.0687867646597,-461.41501089241433,-487.39336128285163,-512.0722591028868,-535.5167030612321,-557.7884406199792,-578.9461306273396,-599.0454978119942,-618.1394795487174,-636.2783652824692,-653.5099289783537,-669.8795549463213,-685.4303573720473,-700.2032938688171,-714.2372733494859,-727.5692585026522,-740.2343631429335,-752.2659446917521,-763.6956920322096,-774.5537089694423,-784.8685935162715,-794.6675132129724,-803.9762766795378,-812.8194015888865,-821.2201792400483,-829.2007359013859,-836.7820910854297,-843.984212908797,-850.8260706830075,-857.3256848747019
74,0.30781250000000004,-66.69511415321696,-112.14800213647212,-155.21028738966632,-196.09222381527522,-234.92333168993963,-271.810809138709,-306.85291737202334,-340.1421959875387,-371.766373788023,-401.8087503519018,-430.3484493805005,-457.46063474807147,-483.2167101890953,-507.68450774380193,-530.9284664949831,-553.0098023007213,-573.986669022809,-593.9143116873978,-612.8452119839249,-630.8292264861069,-647.9137179591825,-664.143680099231,-679.5618560331069,-694.2088508910759,-708.1232387486222,-721.3416642190898,-733.8989389647083,-745.8281333801787,-757.1606636902937,-767.9263746909713,-778.1536183516163,-787.8693284858234,-797.0990916870837,-805.8672147163091,-814.196788518665,-822.1097490382965,-829.6269349911291,-836.7681427478908,-843.5521784719035,-849.9969076489625
75,0.30703125000000003,-66.01492659584899,-111.00421834628777,-153.62722824229607,-194.09206997766,-232.52694666568357,-269.0379665993311,-303.72239205031246,-336.6718218257787,-367.9730928222446,-397.7086577193529,-425.95683575369935,-452.7920265741146,-478.28490790038995,-502.5026220544985,-525.508952881823,-547.3644937598295,-568.12680718885,-587.8505763970368,-606.5877493613999,-624.3876756248006,-641.297236269378,-657.3609673887194,-672.6211773839849,-687.1180583928963,-700.8897921450587,-713.9726505224203,-726.4010910897027,-738.2078478464105,-749.4240174394312,-760.0791410632903,-770.2012822637632,-779.8171008497502,-788.951923108094,-797.6298085062472,-805.8736130584866,-813.7050495225471,-821.1447445852286,-828.2122931875799,-834.926310132743,-841.3044791123767
76,0.30625,-65.23316970565847,-109.6897148561939,-151.808048111649,-191.79381723582685,-229.77370525322314,-265.8525618663836,-300.1264954529439,-332.68601798174933,-363.6169359234304,-393.0007234947826,-420.91477047865664,-447.4325935567731,-472.624031633627,-496.55543016172885,-519.2898159686252,-540.8870632755189,-561.4040513967437,-580.8948145473631,-599.4106841562535,-617.0004240602132,-633.710358935405,-649.584496304474,-664.6646424407435,-678.9905124747911,-692.5998349934134,-705.5284514065065,-717.8104103435688,-729.4780573284645,-740.5621199686303,-751.0917888831057,-761.094794582531,-770.597480503599,-779.6248723903216,-788.2007442048408,-796.3476807413847,-804.0871371082674,-811.4394952346091,-818.4241175505882,-825.0593979826104,-831.3628103977068
77,0.30546875,-64.35068903269078,-108.20581201429961,-149.75431257535993,-189.19905655170086,-226.66501413987064,-262.25561796331874,-296.06567778715396,-328.18448279546845,-358.6966803879397,-387.682644332828,-415.21871920566366,-441.377428843851,-466.2276690154837,-489.8348892428487,-512.2612652593803,-533.5658627795973,-553.8047930639931,-573.0313606999048,-591.2962039900236,-608.647428318769,-625.1307328478521,-640.7895308746706,-655.6650641705048,-669.7965115996185,-683.2210923053057,-695.9741637346497,-708.0893147601316,-719.5984541433445,-730.5318945737924,-740.9184325041036,-750.7854239919136,-760.1588567481623,-769.0634185815597,-777.522562419476,-785.5585680765068,-793.1926009333874,-800.4447676808036,-807.334169274908,-813.8789512440145,-820.09635147896
78,0.3046875,-63.369041074608084,-106.55515400824763,-147.46986173566196,-186.31293799513708,-223.207447516054,-258.2552451451744,-291.54969388722344,-323.1787200458498,-353.225678734121,-381.76971649156246,-408.88601204880325,-434.64598164024125,-459.1174687603149,-482.36492323203674,-504.4495710463554,-525.4295756431094,-545.3601911092851,-564.2939077099514,-582.2805901380954,-599.3676088483251,-615.5999648206935,-631.0204080833988,-645.6695503066559,-659.5859717643664,-672.8063229453545,-685.3654210818565,-697.296341849518,-708.6305064804529,-719.3977645188248,-729.6264724369214,-739.343568318798,-748.5746428081977,-757.344006507621,-765.6747540060561,-773.588824704027,-781.1070605961407,-788.2492611633411,-795.0342355194356,-801.4798519492417,-807.6030849688248
79,0.30390625000000004,-62.289708072843105,-104.74028086911076,-144.95811177297105,-183.1395680269629,-219.40561642806313,-253.85637623368942,-286.58362016862156,-317.67377729638156,-347.2087836404419,-375.2664385266716,-401.92064117983955,-427.24159249234776,-451.2959815152707,-474.1471614531385,-495.8553165933634,-516.4776208277436,-536.0683882323528,-554.6792161132049,-572.3591208966963,-589.1546672231109,-605.1100905832027,-620.2674138207634,-634.6665578079588,-648.3454465848667,-661.3401072400749,-673.684764795381,-685.4119323444578,-696.5524966828599,-707.1357996548974,-717.1897154315935,-726.7407239232524,-735.8139805199728,-744.433382343783,-752.6216311868732,-760.4002933016927,-767.7898562003661,-774.8097826130318,-781.4785617471997,-787.8137579831391,-793.8320571335362
80,0.30312500000000003,-61.11422123296035,-102.76364520260677,-142.2224746233051,-179.68337753630047,-215.26504164088206,-249.06569895902913,-281.17539150858636,-311.6789178331059,-340.6566677761018,-368.1849722350935,-394.33633538661354,-419.1796327129025,-442.7802940206374,-465.2004761487407,-486.49922677296786,-506.732639954843,-525.9540038941842,-544.2139412861253,-561.5605426553477,-578.0394930196642,-593.6941922170096,-608.5658692129946,-622.6936906902731,-636.1148642058517,-648.8647361881312,-660.9768850318716,-672.4832095363261,-683.4140129195142,-693.7980826299596,-703.6627661661158,-713.034043103208,-721.9365935172013,-730.3938629861346,-738.4281243400225,-746.0605363219852,-753.3111993150941,-760.1992082817335,-766.7427030548995,-772.9589161139021,-778.8642179703064
81,0.30234375,-59.84469034927274,-100.6289910626427,-139.26819600798208,-175.95096316519445,-210.79351013115885,-243.89202552874835,-275.3346792330486,-305.2045073230944,-333.58022928332196,-360.53659033849374,-386.144588749321,-410.47166965135693,-433.58190421847837,-455.53615874388487,-476.3922550128201,-496.20512259830406,-515.0269435276497,-532.9072897109966,-549.8932534958765,-566.0295716919451,-581.3587433924876,-595.9211419028825,-609.7551210707283,-622.8971162975977,-635.3817404983898,-647.2418752609772,-658.508757446187,-669.2120614561712,-679.3799773878178,-689.0392852770111,-698.2154256292706,-706.9325664225097,-715.2136667583703,-723.0805373297646,-730.5538978638779,-737.6534316918991,-744.3978375892153,-750.8048790225821,-756.8914309339787,-762.6735241843573
82,0.3015625,-58.48261189485153,-98.33856435187613,-136.09823866107766,-171.9460093041209,-205.99545520107225,-238.3405799160492,-269.06754934103486,-298.2575114482658,-325.98739518158453,-352.3302451911382,-377.35544408700343,-401.12890195901093,-423.713231529559,-445.1679134358971,-465.5494529900302,-484.91152903662436,-503.3051353488547,-520.7787149461698,-537.3782876908684,-553.1475715006392,-568.1280974968653,-582.3593193922862,-595.8787174063701,-608.721896982267,-620.9226825654674,-632.5132066912861,-643.5239946158775,-653.9840447137506,-663.9209048535952,-673.36074495361,-682.328425907468,-690.8475650624813,-698.9405984224419,-706.6288397389875,-713.9325366471471,-720.8709239929108,-727.4622744933105,-733.7239468624276,-739.6724315301009,-745.3233940737472
83,0.30078125,-57.03071020929935,-95.89729006370007,-132.71964550318057,-167.6775621058312,-200.88179174830506,-232.4239993840861,-262.3882084419673,-290.8535500714573,-317.895041886157,-343.58391418055567,-367.9878265234194,-391.171052471763,-413.19465030217174,-434.1166241355751,-453.9920767645125,-472.87335478414184,-490.8101864534625,-507.84981265942827,-524.0371113307224,-539.4147156290629,-554.023126229223,-567.9008179833136,-581.0843412501401,-593.6084181564037,-605.5060340431829,-616.8085243385008,-627.5456570847049,-637.745711337987,-647.43555164649,-656.6406988031332,-665.3853970594758,-673.6926779776237,-681.5844210883366,-689.0814115150744,-696.2033947157494,-702.9691284863334,-709.3964323632941,-715.5022345549526,-721.30261652537,-726.812855348176
84,0.30000000000000004,-55.490437806944165,-93.30719355098147,-129.13491180019193,-163.14853674667364,-195.4558382794615,-226.14601194158087,-255.30081625777706,-282.9972483247379,-309.30830189411375,-334.30328502412095,-358.0480309915161,-380.6050781360976,-402.033836067729,-422.3907425040782,-441.7294120193589,-460.1007772934504,-477.55322327931515,-494.1327146533913,-509.88291688783846,-524.8453112647205,-539.0593041356939,-552.5623307153668,-565.3899536820048,-577.5759568455029,-589.1524341294867,-600.1498741020598,-610.5972402779223,-620.5220474034505,-629.9504339257289,-638.9072308364523,-647.416027072066,-655.499231642428,-663.1781326516598,-670.4729533666562,-677.4029054809503,-683.9862397142308,-690.2402938808,-696.1815385535804,-701.8256204439552,-707.1874036116996
85,0.29921875000000003,-53.865116776228135,-90.5743503823907,-125.35283425004162,-158.3703731175881,-189.73157031931103,-219.5230019943874,-247.8240270929391,-274.7093839650979,-300.2499258450961,-324.51292893869635,-347.56229697897874,-369.45873567656577,-390.25991396617115,-410.0206161817589,-428.79288639612344,-446.6261654923927,-463.5674213699982,-479.66127263692897,-494.9501061156649,-509.47418847236656,-523.2717722631656,-536.3791966766477,-548.8309832377074,-560.6599267247159,-571.8971815393346,-582.5723437564022,-592.7135290699066,-602.3474468402928,-611.4994704380864,-620.1937040690668,-628.4530462569588,-636.2992501508221,-643.7529808159509,-650.8338696591554,-657.5605661317608,-663.9507868464716,-670.0213622374685,-675.7882808866049,-681.2667316324498,-686.4711435730718
86,0.2984375,-52.15614671749771,-87.70055287402381,-121.37542526630382,-153.34519920775307,-183.71117111917454,-212.5571786023197,-239.96006874620414,-265.99221305926216,-290.72222007019985,-314.2152339380758,-336.53313272228263,-357.73469744292436,-377.8757683173284,-397.0093921862819,-415.1859623345281,-432.4533512602493,-448.85703678686946,-464.44022186029974,-479.24394835040385,-493.3072051577212,-506.66703091091875,-519.358611525926,-531.4153728840676,-542.8690688735601,-553.749865026453,-564.0864179714765,-573.9059509121765,-583.2343253292353,-592.0961090959136,-600.5146411860816,-608.5120931453181,-616.1095274870299,-623.3269531674279,-630.1833782854965,-636.6968601467964,-642.8845528229574,-648.7627523321613,-654.3469395596138,-659.6518210310641,-664.6913676467733
87,0.29765625,-50.36742698624567,-84.69298971191492,-117.21318108966516,-148.08677811554537,-177.41159066712706,-205.26857229859382,-231.73192820708036,-256.87154315656034,-280.75366916814636,-303.44121357869477,-324.9939302978332,-345.4685829188983,-364.91909548657173,-383.3966947842138,-400.9500452958579,-417.62537737311453,-433.4666089831283,-448.51546136636676,-462.81156891024926,-476.39258352799067,-489.29427381735195,-501.55061926020954,-513.1938997108675,-524.2547804086511,-534.7623927385581,-544.7444109525992,-554.2271250537991,-563.235510034767,-571.793291653144,-579.9230089171248,-587.6460734455868,-594.9828258591455,-601.9525893506304,-608.5737205760503,-614.8636580000746,-620.8389678233322,-626.5153876124928,-631.9078677480186,-637.0306107987468,-641.8971089269961
88,0.296875,-48.50029563984007,-81.55320912517048,-112.86761887418164,-142.59643752322197,-170.83386349874618,-197.65785957453954,-223.1398876160309,-247.3472473489854,-270.3437390847706,-292.1899414478835,-312.9433957815391,-332.65876338161013,-351.38797079937797,-369.1803469473348,-386.08275312939367,-402.139706512168,-417.3934974036379,-431.8843006586581,-445.6502815080199,-458.7276960911997,-471.1509869584124,-482.9528737940346,-494.16443960077623,-504.815212571895,-514.9332438673263,-524.5451814987816,-533.6763405185498,-542.3507696969901,-550.5913148644311,-558.4196790843826,-565.8564798166066,-572.921303220659,-579.63275574297,-586.0085131233648,-592.0653669501362,-597.8192688862998,-603.285372683547,-608.4780740945604,-613.4110487888335,-618.0972883718686
89,0.29609375000000004,-46.559205260003694,-78.28946859655274,-108.35086969048851,-136.8901788825259,-163.99780956310894,-189.74859359584786,-214.21112492517477,-237.45000386609658,-259.5264727608648,-280.49868223277775,-300.42186796528716,-319.348501468014,-337.3284294359391,-354.40900527166434,-370.63521383773355,-386.04978992874794,-400.69333081069203,-414.60440313118943,-427.8196444834197,-440.3738598910856,-452.3001134682765,-463.62981549535414,-474.3928051399943,-484.6174290410788,-494.3306159622653,-503.55794771176926,-512.323726515041,-520.6510390177192,-528.5618170873748,-536.0768955741364,-543.2160671822837,-549.9981345972981,-556.4409600056346,-562.5615121376122,-568.3759109573106,-573.8994701171475,-579.1467372889507,-584.1315324777235,-588.8669844190113,-593.3655651557166
90,0.29531250000000003,-44.54542411155703,-74.9030627228304,-103.6639460793632,-130.96852138318866,-156.903308301792,-181.53991411456812,-204.9439748771958,-227.1773036075828,-248.29849904962214,-268.3632008058841,-287.42425874188984,-305.53187742421414,-322.7337495936349,-339.0751821051991,-354.59921536646635,-369.3467367493449,-383.3565883125576,-396.6656691285619,-409.30903248773603,-421.31997823733724,-432.7301404993505,-443.5695709988654,-453.86681822292763,-463.6490026187046,-472.9418880292888,-481.7699495555184,-490.1564380227091,-498.12344122223095,-505.6919420893389,-512.8818739705782,-519.7121731263986,-526.2008286073182,-532.3649296350575,-538.2207106134678,-543.783593887849,-549.0682303652956,-554.0885381030897,-558.857738966789,-563.3883934545815,-567.6924337796426
91,0.29453125,-42.463930550808975,-71.40326687337077,-98.82053914931012,-124.84960617605437,-149.57292742830444,-173.0587517157753,-195.36963882572007,-216.56450634175508,-236.6992093478654,-255.82678323586094,-273.99760491666024,-291.2595303118624,-307.65802144529596,-323.2362663893292,-338.03529303837854,-352.0940771558156,-365.44964501081824,-378.1371708819577,-390.19006968522797,-401.64008497027265,-412.5173725162509,-422.85057974718535,-432.666921175732,-441.9922500738725,-450.85112655914185,-459.2668822756052,-467.2616818398367,-474.8565812136565,-482.07158315730857,-488.9256899090763,-495.4369532300372,-501.62252194572994,-507.49868710991586,-513.0809249093594,-518.3839374226113,-523.4216913401187,-528.2074547476325,-532.7538320697716,-537.0727972657692,-541.1757253648198
92,0.29375,-40.315915230754385,-67.79111403098061,-93.82115058517172,-118.53314075734468,-142.00539203349666,-164.3027147159441,-185.48451438250703,-205.6067362454252,-224.72241620037505,-242.8819117913475,-260.1330555691737,-276.5212858432814,-292.0897675023381,-306.8795060121163,-320.9294555253965,-334.27662153513603,-346.9561583765906,-359.0014618447675,-370.44425717443966,-381.3146826160115,-391.64136882835663,-401.45151429839746,-410.77095698659963,-419.6242423874639,-428.0346881845789,-436.0244456707738,-443.6145580953211,-450.8250160920223,-457.6748103342848,-464.1819815559801,-470.36366806990156,-476.2361509090522,-481.81489670970734,-487.114598449246,-492.14921414608847,-496.93200362369396,-501.4755634354839,-505.7918600426932,-509.8922613325565,-513.78756655986
93,0.29296875,-38.106851589063155,-64.07684026589108,-88.68094712307865,-112.03929413076985,-134.22587845784238,-155.30194508351056,-175.3236339359572,-194.34381662091315,-212.41261659893019,-229.5776270495027,-245.88405552060755,-261.37484729815003,-276.090799446311,-290.0706684383961,-303.35127225008114,-315.96758731496453,-327.9528406261547,-339.3385972320452,-350.15484335737403,-360.4300653681866,-370.1913247883035,-379.4643295645124,-388.27350176792817,-396.6420419096138,-404.5919900396878,-412.1442837907217,-419.3188135181805,-426.13447468305964,-432.6092176146066,-438.7600947841418,-444.6033057144308,-450.1542396428575,-455.4275160507252,-460.43702316540583,-465.19595453671883,-469.7168437838492,-474.0115976043106,-478.0915271318681,-481.96737772600255,-485.6493572713632
94,0.2921875,-35.8378453261365,-60.26121057826944,-83.39991649889092,-105.36696390243242,-126.2319653017139,-146.05253444490933,-164.88148017683886,-182.7685349832374,-199.7608449276312,-215.903175024427,-231.23804560618314,-245.80584858289225,-259.64495486521724,-272.7918157173233,-285.2810588719049,-297.1455797917974,-308.41662835062164,-319.12389116975214,-329.295569831733,-338.9584551777796,-348.1379978861201,-356.8583755177933,-365.1425562070649,-373.0123591646332,-380.48851215330905,-387.59070608782554,-394.33764690278264,-400.74710482550745,-406.8359611837435,-412.62025287156416,-418.1152145907096,-423.33531897868454,-428.2943147293636,-433.00526280656203,-437.4805708459953,-441.7320258362663,-445.7708251649955,-449.6076061118823,-453.252473866403,-456.7150281439584
95,0.29140625,-33.514831215440964,-56.35535863043292,-77.99460756839257,-98.53822258029258,-118.05128231203702,-136.58765031667747,-154.19670054200165,-170.9249326448239,-186.8164294344607,-201.91304845031198,-216.25454915784562,-229.87870143530418,-242.82138585975238,-255.11668835888645,-266.79698999457673,-277.8930522293036,-288.43409792464286,-298.4478882897901,-307.96079598317914,-316.9978745593363,-325.5829244434501,-333.7385556070316,-341.48624710946405,-348.84640366202524,-355.83840936317955,-362.48067874653583,-368.7907052757951,-374.78510741432643,-380.4796723906324,-385.8893977749134,-391.0285309761783,-395.9106067638899,-400.5484829129308,-404.95437406573944,-409.1398839007821,-413.1160356920516,-416.8933013400751,-420.48162895086284,-423.8904690354292,-427.1287993988745
96,0.290625,-31.138823187773305,-52.359776723428446,-72.46449419407297,-91.55116467695814,-109.68027652743866,-126.90189173163112,-143.26189681726729,-158.8035049262649,-173.56768161884068,-187.5933233886166,-200.91737619788773,-213.57493652765385,-225.59934474114837,-237.02227316676317,-247.87380962561835,-258.18253673895885,-267.97560725290725,-277.2788155873115,-286.1166658003515,-294.51243614960754,-302.4882404207673,-310.065086186281,-317.26293014802866,-324.1007307102159,-330.59649792132444,-336.7673409169542,-342.6295129887245,-348.1984543981272,-353.4888330482427,-358.51458312056127,-363.2889417787675,-367.8244840362443,-372.13315587919664,-376.2263057326905,-380.11471435253634,-383.80862322177654,-387.3177615266127,-390.6513717828418,-393.81823418032917,-396.82668970965165
97,0.28984375,-28.716180762547904,-48.28642746893302,-66.82740532217622,-84.4296301202945,-101.14886075472712,-117.03124726564829,-132.11909321364442,-146.4522396207665,-160.0684568599166,-173.00360876475065,-185.29176158790048,-196.96527693608581,-208.05489768356495,-218.58982906134466,-228.5978155774746,-238.1052140686702,-247.1370630963149,-255.71714887331805,-263.86806789559995,-271.61128644267205,-278.967197103554,-285.95517247648667,-292.5936161835772,-298.9000113344876,-304.89096656661434,-310.5822597828803,-315.98887970220096,-321.12506533196586,-326.00434346641896,-330.63956430963316,-335.0429353168461,-339.2260533432449,-343.1999351848331,-346.97504659178406,-350.56132983067374,-353.9682298681538,-357.20471924501567,-360.27932170613303,-363.20013464851104,-365.9748504465474
98,0.2890625,-26.247819849733574,-44.13552743366964,-61.08230418562867,-77.17092207737188,-92.45237237596527,-106.96885665667743,-120.75905622445009,-133.85939845399406,-146.304415835915,-158.12689653323196,-169.35798435383265,-180.02726396824676,-190.16283963785116,-199.7914094848264,-208.9383359172948,-217.6277124935452,-225.88242742649155,-233.7242239032785,-241.1737573820533,-248.25065001856197,-254.97354236710797,-261.3601424928828,-267.42727262567655,-273.19091347833495,-278.66624634707296,-283.867693104846,-288.80895419334496,-293.50304471387983,-297.9623287123671,-302.1985517488515,-306.222871837446,-310.0458888382726,-313.677672378889,-317.1277883787977,-320.40532424695965,-323.51891281870826,-326.4767550951578,-329.2866418450202,-331.9559741257587,-334.4917827781468
99,0.28828125000000004,-23.740485506140168,-39.91979442519553,-55.248189899751324,-69.80050091487709,-83.62282283544153,-96.75330765839846,-109.22692774161509,-121.07661983922964,-132.33360902082083,-143.02754430183916,-153.18658869230433,-162.83749600734507,-172.0056818783698,-180.71529077973364,-188.98925961154617,-196.8493780860943,-204.3163460935103,-211.40982820050473,-218.14850542557136,-224.55012442645457,-230.63154422891185,-236.40878061940296,-241.89704831830812,-247.11080104448826,-252.06376957649877,-256.768997910558,-261.23887761035905,-265.48518043909655,-269.5190893595705,-273.3512279839449,-276.9916885506654,-280.45005850217456,-283.73544573338614,-286.85650257737797,-289.82144859145683,-292.63809220357274,-295.3138512760835,-297.8557726410054,-300.2705506581888,-302.564544845283
100,0.3171875,-66.69541696555216,-112.14865028078069,-155.2113321020468,-196.0937023137719,-234.92527131826566,-271.8132299714479,-306.8558339434967,-340.1456184965058,-371.77030897301415,-401.81320214961806,-430.3534194350866,-457.4661228139552,-483.22271445539224,-507.6910250993424,-530.935492747366,-553.0173323590924,-573.9946970515684,-593.9228312362877,-612.8542160987106,-630.8387078031593,-647.923668786582,-664.1540924865154,-679.5727218313787,-694.2201618048849,-708.1349863807955,-721.3538401094853,-733.9115346237121,-745.8411403176469,-757.1740734405229,-767.9401788342082,-778.1678085325387,-787.8838964293684,-797.1140292119445,-805.882513746387,-814.2124410927179,-822.1257473180021,-829.6432712677498,-836.7848094477054,-843.5691681605534,-850.0142130348403
101,0.28750000000000003,-21.194989974021357,-35.6391679407072,-49.323521459925665,-62.31489508121981,-74.65446860525094,-86.37632300969574,-97.51169589359851,-108.09000427758481,-118.139134678361,-127.68556477841463,-136.7544442192932,-145.36966346172343,-153.55391739310787,-161.32876532661314,-168.714687889683,-175.73114103285033,-182.39660732237542,-188.72864465871956,-194.74393255222878,-200.45831607969805,-205.8868476388304,-211.04382661144726,-215.94283704060743,-220.59678342138778,-225.0179246999962,-229.21790657110063,-233.20779215868419,-236.99809116144743,-240.59878753968832,-244.01936581672206,-247.2688360642226,-250.35575763738856,-253.28826172252752,-256.0740727565043,-258.72052877453194,-261.23460073993465,-263.6229109068402,-265.89175026419593,-268.0470951070829,-270.0946227789997
102,0.28671875,-18.618422262062154,-31.3070425741263,-43.328351014681516,-54.741028410276066,-65.58122240595718,-75.87885173571118,-85.6613419384708,-94.95452243441974,-103.78288047687559,-112.16966746704342,-120.13696953800795,-127.7057677671394,-134.89599384717582,-141.72658263710647,-148.21552201548357,-154.37990022934193,-160.23595087585593,-165.79909563694315,-171.08398487897907,-176.10453622389375,-180.87397119268155,-185.40485001737116,-189.70910471280504,-193.7980704950588,-197.6825156290309,-201.37266978366046,-204.87825096930703,-208.20849112813528,-211.37216044481684,-214.37759044150505,-217.23269591784705,-219.9449957937704,-222.52163290989782,-224.96939283770138,-227.2947217489143,-229.50374339123005,-231.6022752149852,-233.5958436932758,-235.48969887584292,-237.2888282150466
103,0.0,-66.01475046374769,-111.00384135066811,-153.62662058199228,-194.09121000535612,-232.52581847765683,-269.03655852008393,-303.7206956269299,-336.66983112717384,-367.9708039299875,-397.7060683446849,-425.9539449412926,-452.7888344677425,-478.28141555422405,-502.49883127894446,-525.5048661161038,-547.3601139656677,-568.122137761061,-587.8456210878654,-606.582512216142,-624.3821609267942,-641.2914484928307,-657.3549111581458,-672.6148574392488,-687.1114795590383,-700.8829593062263,-713.9655685993328,-726.3937650201716,-738.2002825685119,-749.4162178769859,-760.0711121133592,-770.1930287859007,-779.808627656804,-788.9432349583567,-797.6209100968015,-805.8645090195959,-813.6957444129685,-821.13524288834,-828.2025993082235,-834.9164283946993,-841.2944137563966
104,0.0,-65.23357054529173,-109.69057281968169,-151.80943102139238,-191.79577435820823,-229.77627278374706,-265.8557663782421,-300.13035618555745,-332.690548435456,-363.6221450181833,-393.0066164416896,-420.921349454116,-447.4398582357211,-472.63197961896054,-496.5640573351264,-519.2991167805135,-540.8970309870224,-561.414678283149,-580.9060920703187,-599.4226031102833,-617.012974697914,-633.7235310748089,-649.5982794213727,-664.6790257482558,-679.0054849920402,-692.6153856048692,-705.5445689132841,-717.8270835077718,-729.4952749114937,-740.5798707642381,-751.110061745871,-761.1135784523206,-770.6167644265201,-779.6446455365893,-788.2209958839354,-796.3684004148257,-804.1083144002852,-811.4611199409688,-818.4461796457787,-825.081887625598,-831.385717936421
105,0.2859375,-16.01148593705717,-26.92308112614228,-37.26064282266093,-47.074676035064414,-56.39629521044625,-65.25125060833165,-73.66314353168228,-81.65419928132422,-89.24548647041556,-96.45700905719433,-103.30776746096386,-109.81581064001239,-115.99828418623923,-121.87147568346153,-127.45085770856443,-132.75112865191898,-137.78625148196406,-142.5694905621814,-147.1134466203872,-151.43008996425718,-155.5307920318557,-159.42635536118962,-163.12704205844324,-166.6426008404207,-169.9822927228423,-173.15491542250805,-176.16882653785495,-179.03196556918616,-181.7518748367456,-184.33571935187894,-186.79030569373268,-189.12209994131115,-191.3372447082044,-193.44157532491712,-195.44063521148794,-197.33969048092425,-199.14374381196913,-200.8575476277662,-202.48561661516823,-204.03223961768828
106,0.28515625,-13.381570253471942,-22.501272394917347,-31.14137843744128,-39.34405926226408,-47.135291932360985,-54.53657745980785,-61.56762547703583,-68.24699882330958,-74.59229596362566,-80.62022733232287,-86.34666601719535,-91.78669100253498,-96.95462715689484,-101.86408298419511,-106.52798644017666,-110.95861895189597,-115.16764773804367,-119.16615651594613,-122.96467467547926,-126.57320499599065,-130.00124997863747,-133.2578368630092,-136.35154139357073,-139.2905103982355,-142.08248323831063,-144.73481218614484,-147.25448178399833,-149.64812723501234,-151.92205187462486,-154.0822437683739,-156.1343914797362,-158.08389904948254,-159.93590022595708,-161.69527198372126,-163.36664736614284,-164.9544276857177,-166.46279411424547,-167.8957186933574,-169.25697479438344,-170.55014705509188
107,0.284375,-10.729265764918939,-18.041004563579897,-24.968039931947672,-31.5442259572124,-37.79041990198826,-43.72388254873725,-49.360433394457765,-54.71496899380617,-59.801610161385724,-64.63376380013004,-69.22416396319409,-73.58490682859708,-77.72748298445863,-81.66280786687493,-85.40125060858986,-88.95266141934734,-92.3263975834202,-95.53134814809812,-98.57595737098926,-101.46824698972206,-104.21583737402457,-106.82596761684914,-109.30551461820806,-111.66101121255107,-113.89866338786926,-116.02436664224462,-118.043721521194,-119.96204837696348,-121.78440138883052,-123.5155818814934,-125.16015097674718,-126.72244161187463,-128.20656995649267,-129.61644625799326,-130.95578514421223,-132.22811541050285,-133.43678931704514,-134.5849914209104,-135.67574696617726,-136.71192985422712
108,0.28359375,-8.062216414433301,-13.556774388940633,-18.7624089065508,-23.704520905652416,-28.398756709918743,-32.85806704862673,-37.09432413126836,-41.11870977011238,-44.94182514144529,-48.573736687354554,-52.024006587478326,-55.30171876607692,-58.415502949939395,-61.373557386963924,-64.18367040493287,-66.85324089184165,-69.38929775561327,-71.79851841417887,-74.08724636372412,-76.26150787055226,-78.32702782990309,-80.28924483299248,-82.15332548159049,-83.924177987545,-85.60646509283507,-87.20461634401497,-88.72283975321955,-90.16513287633236,-91.53529333739885,-92.83692882692601,-94.07346660033481,-95.2481625015306,-96.36410953531333,-97.4242460111641,-98.43136327983186,-99.38811308306009,-100.2970145357969,-101.16046075925162,-101.9807251822538,-102.75996752749643
109,0.2828125,-5.380896101485489,-9.047699208620491,-12.521500772315223,-15.819295236795568,-18.951554088238122,-21.926942213578837,-24.753399771393685,-27.438402727956248,-29.989037039797108,-32.412029896529916,-34.713770475488424,-36.900327597462116,-38.977466003493205,-40.950661684662656,-42.82511640042074,-44.60577145006467,-46.29732074293112,-47.90422320618439,-49.43071456556776,-50.88081853198151,-52.25835742470331,-53.56696226021517,-54.810082333981335,-55.99099432099994,-57.11281091955272,-58.17848906129718,-59.19083770960432,-60.152525266922055,-61.066086610865234,-61.93392977772119,-62.75834231110107,-63.54149729256659,-64.28545907020717,-64.99218870032652,-65.66354911664202,-66.30131004065578,-66.90715264618646,-67.48267399037947,-68.02939122290393,-68.54874558445186
110,0.28203125,-2.693156330229244,-4.5286943607516745,-6.26776288559472,-7.918836295085455,-9.48713370880823,-10.976975727689396,-12.392323942162669,-13.73691019790995,-15.0142730227303,-16.2277728034964,-17.380601857672517,-18.475793044072798,-19.516227742586043,-20.504643400163033,-21.443640698996006,-22.33569037141352,-23.183139679015294,-23.988218571834487,-24.753045542602216,-25.479633190641017,-26.16989350938973,-26.825642910966643,-27.44860700062853,-28.04042511339894,-28.602654624573784,-29.13677504528488,-29.6441919137474,-30.126240492325763,-30.584189280057416,-31.019243349806636,-31.43254751876913,-31.825189360624456,-32.19820206722523,-32.552567167317015,-32.88921710942462,-33.209037715669446,-33.51287051296683,-33.80151494771611,-34.07573048980193,-34.336238631433545
111,0.28125,0.0006485757542368093,0.0013882206442649963,0.0022376034220181846,0.0031666992237608504,0.004154358503494068,0.005185011759860499,0.006246792556901751,0.0073304148219331166,0.008428467375699343,0.009534949285985923,0.010644950443844042,0.011754423588626302,0.012860016301837888,0.01395894382457841,0.015048890577954069,0.01612793246563782,0.01719447459991287,0.01824720071143613,0.019285031580358353,0.020307090550923185,0.021312674665923112,0.022301230338335025,0.023272332706050093,0.02422566801385236,0.025161018509847317,0.026078249428279156,0.026977297737565045,0.0278581623765144,0.02872089575660896,0.029565596345912378,0.030392402184508924,0.03120148520217422,0.03199304622931502,0.03276731061485668,0.03352452436573963,0.03426495075229199,0.0349888673129892,0.035696563216412264,0.03638833693522203,0.037064494194689566
112,0.28046875000000004,2.69250795832652,4.527306574132929,6.2655259778143595,7.915670574537748,9.48298062641411,10.97179229880834,12.386079044867044,13.729581993564786,15.005847081790758,16.218240695790126,17.369960061971874,18.46404208555198,19.50337149820787,20.49068853120781,21.42859618202112,22.319567106873382,23.16595016213732,23.96997661406205,24.73376603458394,25.459331899705937,26.148586905866125,26.803348018829144,27.425341268782223,28.016206304572098,28.577500719323037,29.11070415900412,29.617222224930536,30.098390180593785,30.55547647268298,30.989686075651548,31.402163668707917,31.7939966536517,32.16621802154903,32.519809075840904,32.855702019081924,33.17478241016066,33.47789149848769,33.76582844132647,34.03935241012156,34.29918459138674
113,0.27968750000000003,5.3821892543187495,9.050467091084165,12.525962183609597,15.825609111504873,18.95983719224729,21.937280269760443,24.765854842908624,27.453018363071767,30.00584201011461,32.431041008784646,34.734994746470804,36.923763974394795,39.0031067494314,40.97849351031366,42.855121399611214,44.63792788029218,46.33160368175168,47.940605106731304,49.469165729189136,50.9213075121195,52.300851373220226,53.611427225212935,54.856483516457494,56.03929629637647,57.16297782909072,58.23048477755742,59.24462597947325,60.208069835170505,61.12335132676404,61.99287868687038,62.81893973432982,63.60370789350363,64.349247912904,65.05752129814304,65.73039147343523,66.36962868520024,66.97691466062236,67.55384703340138,68.10194354831137,68.62264605560992
114,0.27890625,8.061572039979348,13.55539515852266,18.76018579009076,23.70137470285692,28.394629232667793,32.852915577277365,37.088117735752306,41.1114267464195,44.933451148976566,48.564263347896414,52.01343040149791,55.29004025549737,58.40272596780921,61.35968855348458,64.16871864131025,66.83721703131887,69.37221421637584,71.7803889225149,74.06808571847482,76.24133174183557,78.30585258650318,80.26708739392768,82.13020318819062,83.90010849302912,85.58146626690842,87.17870619038936,88.69603633831825,90.13745426769921,91.50675755055248,92.80755377958111,94.04327007306982,95.21716210410365,96.33232267793413,97.39168988012679,98.39805481697681,99.3540689686177,100.26225117420346,101.12499426759007,101.94457138100675,102.72314193333551
115,0.278125,10.730546946381033,18.043746822338978,24.972460041649903,31.550481381080775,37.798626324920626,43.73412489999845,49.3727731626305,54.72944932398174,59.8182595587859,64.65259891587705,69.24519174909803,73.60812624160693,77.75288635923724,81.69038203714086,85.43097783392463,88.98452015852084,92.3603631447017,95.56739323963222,98.61405256905785,101.50836113888433,104.25793793023692,106.87002094252742,109.3514862365073,111.7088660268432,113.94836587138583,116.0758810020053,118.09701183970837,120.01707873464564,121.84113596962773,123.57398506386491,125.22018741183382,126.78407629044335,128.26976826602623,129.6811740311235,131.0220086995271,132.2958015866482,133.50590550090956,134.655505570599,135.74762762939065,136.78514618258805
116,0.27734375,13.380933849270786,22.49991022415023,31.13918281859527,39.340951974641364,47.13121550753422,54.53148970649541,61.56149584770527,68.2398058823703,74.58402554782201,80.61087116703841,86.33622064615302,91.7751569411758,96.9420082105861,101.85038569123385,106.51321961140695,110.94279328655274,115.15077550070362,119.14825126311183,122.9457510229431,126.55327842004766,129.98033664560973,133.23595348264936,136.3287050927214,139.2667386117725,142.05779361491975,144.7092225068623,147.2280098917971,149.6207909739729,151.89386903744682,154.053232051163,156.1045684431586,158.05328208549707,159.90450652944236,161.6631185284101,163.33375088433755,164.92080465134637,166.42846072885297,167.86069087468925,169.22126816725293,170.5137769442587
117,0.2765625,16.01274724825866,26.925780854294242,37.26499437936463,47.08083444135567,56.404374356984405,65.26133410713969,73.67529191764947,81.66845503034443,89.26187764556958,96.47555205131563,103.32846911800726,109.83866993307069,116.02329356883071,121.89862219348068,127.48012388071513,132.78249327904592,137.81969025527778,142.6049766130981,147.15095098152779,151.46958196338133,155.57223962965972,159.46972544179212,163.1723006797211,166.6897134500821,170.03122434512832,173.20563081957823,176.221290349291,179.08614243250793,181.80772949140135,184.3932167288126,186.8494109923412,189.18277869535035,191.39946284199314,193.50529920101954,195.5058316708871,197.4063268765951,199.21178803662596,200.92696813648033,202.5563824434617,204.10432039563818
118,0.27578125,18.617797751777136,31.305705861279797,43.32619643020889,54.73797919531886,65.57722216607715,75.87385906809433,85.65532686643851,94.94746392294093,103.77476462734194,112.1604861594353,120.1267193805985,127.69444926569643,134.88361073591247,141.71314133209466,148.20103116287578,154.3643703283941,160.21939396191598,165.7815250131447,171.06541488795276,176.08498205269498,180.85344870550043,185.38337561167546,189.68669519536067,193.77474297491034,197.65828742503953,201.34755834456604,204.85227380463022,208.18166574848485,211.34450431038192,214.349120917687,217.20343023713934,219.91495102311248,222.49082592283236,224.9378402907581,227.26244006170455,229.47074872981912,231.56858347814568,233.56147050128394,235.45465956151716,237.2531378167586
119,0.275,21.19622363857926,35.64180849356457,49.32777763487629,62.32091850134313,74.66237066477868,86.38618548789596,97.52357799843163,108.10394755385163,118.15516657396606,127.70370132681917,136.77469211438677,145.3920216990606,153.57837859157723,161.35531680819102,168.74331257186685,175.76181817330234,182.4293131451146,188.7633528840841,194.78061484777064,200.49694244548155,205.92738673782551,211.086246053648,215.9871036278799,220.64286335880692,225.0657837784543,229.26751032515529,233.25910600300406,237.05108050868583,240.65341790219392,244.07560289414286,247.3266458187758,250.41510635832196,253.34911608109138,256.1363998525878,258.78429617595685,261.2997765152917,263.6894636526285,265.95964912694444,268.11630980104786,270.16512359995943
120,0.27421875,23.739876740105927,39.91849141158474,55.246089633423495,69.79752857204409,83.61892344332921,96.74844085790555,109.22106431171525,121.06973927512152,132.32569777421594,143.01859445736108,153.1765969436727,162.82646284752295,171.9936109473818,180.70218833185956,188.9751340749322,196.8342396952796,204.30020658040746,211.39270053285685,218.13040358441853,224.531063215979,230.61153911336456,236.387847582873,241.87520374386852,247.08806160987328,252.04015216397295,256.7445195289929,261.21355532787686,265.4590313248818,269.4921304336605,273.3234761739801,276.9631606547295,280.42077115697157,283.70541538709875,286.825745466647,289.78998072197714,292.6059293338849,295.28100890417323,297.82226599338236,300.23639468115107,302.5297541981039
121,0.2734375,26.249018261716962,44.138092531382405,61.08643873813488,77.17677337497499,92.46004862967132,106.97843730878617,120.77059879093864,133.87294329241487,146.31998960975366,158.1445148177098,169.37765365148903,180.04898330327728,190.18660184001035,199.8172022383264,208.96614262773778,217.65751301128796,225.91419865494336,233.75794031371933,241.20939145164323,248.2881726046292,255.01292302810037,261.40134976436696,267.47027425818817,273.23567664267654,278.7127378117033,283.915879389217,288.85880170044777,293.55451984475,298.01539796488845,302.2531818028558,306.2790296278321,310.1035416176253,313.7367877708797,317.18833442348836,320.46726943897266,323.58222613912505,326.54140603788187,329.35260043826713,332.0232109492469,334.5602689764985
122,0.27265625000000004,28.715591494028494,48.28516618810333,66.82537232287176,84.42675297509825,101.14508625143905,117.02653633769002,132.11341757578163,146.44557942482876,160.06079899144777,172.99494556180238,185.2820898500084,196.95459714035547,208.04321335337895,218.57714625062098,228.58414244438256,238.09056051992656,247.12144048806047,255.70056975795225,263.85054580637257,271.592835709619,278.9478326956458,285.9349098658888,292.57247122866517,298.87800017886576,304.8681055518704,310.5585653731574,315.9643684189979,321.09975369781216,325.9782479562727,330.61270130901585,335.0153210858731,339.19770398582074,343.1708666223795,346.9452745409556,350.53086978457566,353.93709708065234,357.17292871776596,360.2468881780086,363.1670725871469,365.9411740417455
123,0.27187500000000003,31.139978958592277,52.36225055134863,72.46848163328076,91.55680777687465,109.68767964867205,126.91113148970759,143.27302868155786,158.8165678182382,173.58270125315707,187.6103147862147,200.9363456298515,213.59588305282298,225.62226144433828,237.04714817034298,247.9006269255967,258.21127690260977,268.0062480054236,277.3113323083051,286.1510319462758,294.54862361472885,302.52621984669435,310.1048272281435,317.304401703864,324.1439011189604,330.6413351338918,336.8138126441145,342.6775868289342,348.2480979479591,353.54001399767355,358.5672693350438,363.3431013697465,367.8800854215473,372.1901678345344,376.2846974353483,380.17445541818574,383.8696837352383,387.380112067282,390.7149834454134,393.8830785913758,396.89273904054903
124,0.27109375,33.51426507749458,56.35414685863746,77.9926543702722,98.53545837132764,118.04765596865697,136.58312430566824,154.191247688291,170.91853387922524,186.80907215718776,201.90472530006676,216.24525705969654,229.86844084754463,242.81016016738806,255.10450337813907,266.78385356333274,277.8789738653723,288.4190885383745,298.43195994084675,307.9439616735818,316.98014805662467,325.5643201290262,333.71908834574805,341.4659321372299,348.82525648878794,355.8164456891034,362.4579143895337,368.7671561088877,374.7607893115274,380.4546011802535,385.8635891993422,391.00200065731957,395.8833701735701,400.5205553476566,404.9257706252884,409.1106194701564,413.0861249264051,416.8627586522492,420.45046850123134,423.85870472377286,427.0964448580455
125,0.2703125,35.83895133010307,60.263577884465256,83.40373224095929,105.3723640131173,126.2390496477922,146.06137634275643,164.8921327072146,182.78103539154506,199.77521782114897,215.91943477718556,231.25619821913259,245.82589315530547,259.666884779593,272.8156196074072,285.30672142277353,297.17308240744455,308.44594971535037,319.1550077232955,329.32845617348613,338.9930844122272,348.17434191903686,356.8964053109601,365.18224199777734,373.05367065516674,380.5314186746296,387.6351767411008,394.3836506817061,400.7946107219732,406.8849382790304,412.67067041487223,418.16704206664025,423.38852616502976,428.348871746389,433.0611401588155,437.53773945753386,441.7904570800944,445.8304908873948,449.6684786522437,453.3145260730926,456.77823338668355
126,0.26953125,38.10631207214101,64.07568547414455,88.6790857683042,112.03665990034399,134.22242263200258,155.29763189379457,175.31843748498045,194.3377187360227,212.4056052726745,229.56969526660248,245.87520035060692,261.36506917769105,276.08010160114105,290.0590564111714,303.3387535100737,315.954170932389,327.93853699829964,339.3234178514804,350.1388006147278,360.41317238362046,370.17359526698556,379.4457776723376,388.25414202440743,396.62188909541715,404.57105911676405,412.1225898332359,419.2963716528189,426.1113000374575,432.5853252728492,438.7354997484321,444.5780228721558,450.1282837383838,455.400901661344,460.40976468092913,465.1680661422824,469.68833944554683,473.9824910573175,478.06183187076135,481.93710699701876,485.6185240663595
127,0.26875,40.31696464900818,67.79336022025984,93.82477110482655,118.53826458535862,142.01211392708794,164.31110424030038,185.4946219024987,205.618597100742,224.73605373918357,242.89733965213352,260.1502794457405,276.54030488087477,292.1105754219272,306.9020920288897,320.95380510791205,334.302717038751,346.9839795761317,359.0309863853422,370.4754609549858,381.3475401170517,391.6758533930423,401.4875983741929,410.80861233355853,419.66344025800004,428.0753994787998,436.0666410707511,443.6582081811557,450.87009144211106,457.721281611839,464.2298195835431,470.41284389337574,476.2866358525316,481.86666242223725,487.1676169444939,492.20345783576687,496.9874453454929,501.53217647615526,505.84961815686796,509.95113875779884,513.8475380284007
128,0.26796875,42.46342098123293,71.40217618138449,98.81878111379548,124.84711816511086,149.56966342633547,173.05467793957803,195.36473081524557,216.5587469329069,236.69258719953905,255.81929172203084,273.9892412693987,291.2502949434543,307.6479174023306,323.2252989067146,338.0234691707134,352.0814054697922,365.4361353265556,378.12283405407436,390.17491741656494,401.62412965272273,412.50062709425214,422.83305760033903,432.64863601763614,441.9732158647964,450.83135743057704,459.2463924650377,467.240485634362,474.8346929012713,482.0490169848794,488.9024600461351,495.41307373767455,501.598006749956,507.473549978939,513.0551794343156,518.3575970013208,523.3947691635173,528.1799637885534,532.7257850738038,537.0442067439438,541.1466035879068
129,0.2671875,44.54641047410492,74.90517394672383,103.66734905493793,130.9733373384629,156.90962630020027,181.54779954120073,204.9534750704997,227.18845178363526,248.31131715351177,268.37770165644923,287.4404476906679,305.54975366767957,322.75330722992805,339.0964109974329,354.6221018562626,369.37126425220265,383.38273781851683,396.69341962592625,409.3383613235756,421.35086142554724,432.76255298480845,443.6034868845911,453.90221096584463,463.68584519860684,472.98015309484026,481.8096095504549,490.1974652949277,498.1658081180318,505.73562103474285,512.926837541368,519.758394108296,526.2482800475228,532.4135848861949,538.2705433708767,543.8345782209959,549.1203407440278,554.1417494193323,558.9120265522315,563.4437330948266,567.7488017252347
130,0.26640625,46.558728779459905,78.28844872884143,108.34922581315011,136.88785243051677,163.99475750868453,189.74478434933218,214.20653561464127,237.4446184418095,259.5202806179711,280.4916771753409,300.4140474049572,319.33986579016334,337.31898148920345,354.3987499509184,370.6241577393998,386.0379410631732,400.6806983602762,414.59099724567363,427.8054761057042,440.3589406083928,452.28445538450853,463.6134311213306,474.37570729885476,484.5996307866245,494.3121305084107,503.5387883715468,512.3039066478769,520.6305719838873,528.5407162086929,536.0551741001124,543.1937382610274,549.9752112506113,556.4174551077648,562.5374383972329,568.3512809023315,573.8742960820272,579.1210314042053,584.1053066613799,588.8402503697673,593.3383343476079
131,0.265625,48.501212865450455,81.5551723673188,112.87078332524601,142.6009159138317,170.83973864943084,197.66519228715424,223.14872191072382,247.35761411341556,270.35565872563205,292.20342588531827,312.95844999180923,332.6753866173594,351.4061575722921,369.2000878309384,386.1040354225716,402.1625147928034,417.41781399418164,431.9101060201503,445.67755457532314,458.75641455946396,471.1811275287144,482.9844123846152,494.197351529078,504.8494727116842,514.9688267844583,524.5820615685549,533.7144920271475,542.3901669291157,550.6319321789251,558.4614909793526,565.899460985386,572.965428599733,579.6780005528417,586.0548529032287,592.1127775870899,597.8677266397569,603.3348542054123,608.5285564456768,613.4625094521389,618.1497052626507
132,0.26484375000000004,50.36698653241717,84.69204695634139,117.21166150560109,148.08462756586417,177.40876937720122,205.26505106701802,231.7276858910453,256.8665649196251,280.74794520707405,303.4347381658213,324.9867010403291,345.46060017283355,364.91036188505336,383.38721485189404,400.93982513030545,417.6144243789367,433.45493164838837,448.50306907334794,462.79847177444185,476.37879226050745,489.27979960693455,501.5354736717643,513.1780945980187,524.238327838255,534.7453049254882,544.7267002033601,554.2088037177882,563.2165904621705,571.7737861586041,579.9029297484443,587.6254327568394,594.9616356876483,601.9308615973033,608.5514669887581,614.8408901595845,620.8156971315865,626.4916252829098,631.8836247975911,637.0058980417192,641.8719369699348
133,0.26406250000000003,52.15698915119234,87.7023560304263,121.37833168301346,153.34931242297571,183.71656719990347,212.56391339229387,239.9681826758565,266.0017344973822,290.7331677592555,314.2276188260047,336.54695937937566,357.749965182588,377.89247209861907,397.02752335124205,415.2055092176041,432.4742996967832,448.87937054070534,464.463922985675,479.26899749984466,493.33358184514793,506.69471373725395,519.3875783731046,531.4456010822299,542.9005353453603,553.7825464117516,564.1202907351246,573.9409914371835,583.270509997257,592.1334143567027,600.5530436173049,608.5515695039526,616.1500547533776,623.3685085826503,630.2259393834605,636.7404047809019,642.9290591885596,648.808198985101,654.3933054313219,659.699085440645,664.7395103104244
134,0.26328125,53.864715064683125,90.57349055139846,125.35144832804457,158.36841172913753,189.72899718810496,219.51979048731042,247.82015792663358,274.70484360787117,300.2447053557497,324.5070230931351,347.5557035946307,369.4514550779888,390.2519485546975,410.0119700839116,428.78356517301467,446.6161758972313,463.5567711441732,479.6499703374173,494.9381609681789,509.46161024587053,523.2585711622592,536.3653832490231,548.8165682943953,560.6449212712349,571.8815967162122,582.5561907877468,592.6968192189541,602.3301913710047,611.4816805820121,620.175390996799,628.4342210536079,636.2799237950134,643.7331641619108,650.8135734215178,657.5398008727589,663.9295629652412,669.9996899612023,675.7661702633447,681.2441925253208,686.4481856557845
135,0.2625,55.49120025486508,93.30882550462442,129.13754226357736,163.15225942722395,195.46072202163987,226.15210728669786,255.30815979726486,283.0058657335955,309.3182101350117,334.3144940052776,358.0605448490581,380.61889624841336,402.0489538723118,422.40715216485705,441.7471029782542,460.11973673058594,477.5734365000239,494.15416541574507,509.90558768130836,524.8691835482997,539.0843585420831,552.5885472265618,565.4173117806137,577.6044356453497,589.1820124884653,600.1805307196803,610.6289537796323,620.5547964134796,629.9841971299434,638.9419870364918,647.451755231858,655.5359109280226,663.2157424652007,670.5114733752004,677.4423156407486,684.0265202910205,690.2814254665743,696.2235020802599,701.868397194323,707.2309752279249
136,0.26171875,57.0303497167461,95.8965184584743,132.7184017879713,167.67580197127134,200.87948264005786,232.42111740151103,262.3847362800289,290.8494755866198,317.89035705436885,343.5786143134812,367.98190966218493,391.1645189073994,413.1875021894186,434.108865177374,453.98371195122365,472.864390175933,490.8006289973143,507.8396700342502,524.0263918155671,539.4034279905163,554.0112796248275,567.8884218785199,581.0714053467331,593.5949523307148,605.4920482927133,616.794028735767,627.5306617373453,637.7302263542985,647.4195871056886,656.6242647297381,665.3685034012982,673.6753345869172,681.566637705721,689.0631977559008,696.1847600586045,702.9500822634399,709.3769837525718,715.4823925735506,721.2823900244902,726.7922530090382
137,0.2609375,58.483289656273215,98.34001504125915,136.1005769535025,171.94931849847674,205.99979649482785,238.3459982364655,269.07407721492723,298.2651716985294,325.99620288649413,352.3402091580888,377.366567992441,401.1411852501239,423.72667015039434,445.18250042057133,465.5651789530227,484.928382581872,503.3231034137708,520.7977830927938,537.3984403535716,553.1687921977979,568.1503690123645,582.3826239316014,595.9030367310759,608.7472125261315,620.9489755347693,632.5404581515246,643.552185566725,654.0131561538053,663.9509178362516,673.3916406351821,682.3601855885356,690.8801702232985,698.9740307531333,706.6630811651679,713.9675693515009,720.906730433233,727.4988374174113,733.7612493202851,739.7104568835807,745.3621260041798
138,0.26015625,59.84437329828992,100.62831244042688,139.26710216752932,175.94941513638875,210.79147928232214,243.88949083905285,275.3316254824541,305.20092383107317,333.5761089924217,360.53192912502703,386.13938489017335,410.46592340222355,433.57561747420874,455.5293347609982,476.38489818014796,496.1972382456024,515.0185377646544,532.898369291203,549.8838257006313,566.0196442314056,581.3483243206799,595.9102395446589,609.7437439588152,622.885273118253,635.3694400444539,647.2291263912788,658.4955690504555,669.1984424247241,679.3659365854028,689.0248315202755,698.2005676674016,706.9173129206541,715.1980262834946,723.0645183386627,730.5375086930579,737.6366805491418,744.3807325465901,750.7874280107578,756.8736417376709,762.655404438779
139,0.259375,61.11481012928158,102.76490568378999,142.2245063284725,179.6862528422305,215.268813720731,249.0704068489996,281.18106347031994,311.685573696665,340.66432064238495,368.1936297563544,394.3460007569351,419.19030545166686,442.7919706034388,465.21315052281875,486.5128907832165,506.74728369926487,525.9696160228024,544.2305092539567,561.5780529376289,578.0579312957677,593.7135435281474,608.5861180978326,622.7148213018004,636.1368604122508,648.8875816599392,661.0005633173189,672.5077041264584,683.4393073044541,693.8241603474487,703.689610843327,713.0616384926678,721.9649235275557,730.422911708383,738.4578760697781,746.0909755782243,753.3423108558297,760.2309771169654,766.7751144571725,772.9919556267512,778.8978714148396
140,0.25859375,62.28943641817791,104.73969941387804,144.95717455121732,183.13824164807482,219.40387635952965,253.85420446407892,286.5810036567075,317.6707068904747,347.2052532931829,375.26244470442776,401.91618240586337,427.23666898540773,451.29059489863045,474.14131451680606,495.8490130975744,516.4708653389739,536.061185985419,554.6715728945461,572.3510429450588,589.146161144686,605.101163278844,620.2580724234004,634.6568096286557,648.3352990662556,661.3295679161288,673.673841256629,685.4006322079167,696.540827566062,707.1237691534745,717.1773310999706,726.727993258057,735.8009109458293,744.4199812011934,752.6079057219418,760.3862506574599,767.775503409574,774.7951265921392,781.4636092915075,787.7985157628876,793.8165316908648
141,0.2578125,63.36953747511046,106.55621650998856,147.4715743274888,186.31536168547834,223.21062712590805,258.2592135789972,291.55447496722223,323.18433048697665,353.23212957910874,381.7770141903276,408.8941592933569,434.6549780251075,459.1273113143514,482.37560685291226,504.4610888596473,525.4419193019272,545.3733510462321,564.307873350362,582.2953500814519,599.383151023287,615.6162766180249,631.0374764702813,645.6873619251974,659.6045130166245,672.825580066806,685.3853802048972,697.3169890583563,708.6518278585305,719.4197461897321,729.6491005996402,739.3668292779798,748.5985230000955,757.3684925222011,765.6998326057605,773.6144828395762,781.1332854197448,788.2760400396148,795.0615560342981,801.5077019170323,807.6314524378544
142,0.25703125000000004,64.35046444921085,108.205331310963,149.75353775065093,189.19796000036084,226.66357557979143,262.2538225034939,296.0635146455559,328.18194440565117,358.69376174990225,387.67934252476095,415.21503300627506,441.3733584336184,466.2232157360644,489.83005540052665,512.2560539626013,533.5602778033962,553.798838735986,573.0250418037942,591.2895256834884,608.6403960633032,625.123352348591,640.7818080286448,655.6570050220423,669.7881223018434,683.2123790868781,695.9651328710041,708.0799725486175,719.5888068817493,730.5219485418089,740.9081939473649,750.7748991082765,760.1480516759591,769.0523393895793,777.5112150984656,785.5469585320074,793.18073497975,800.4326510362415,807.3218075574658,813.8663499683407,820.083516053792
143,0.25625000000000003,65.2335705498976,109.69057282786899,151.80943103150585,191.7957743677944,229.7762727897902,265.85576637737495,300.1303561742425,332.69054841012496,363.62214497534944,393.00661637804063,420.9213493665798,447.4398581215123,472.63197947560764,496.5640571604948,519.2991165728105,540.897030744793,561.4146780052697,580.9060917559834,599.4226027589825,617.0129743094179,633.7235306491422,649.5982789587928,664.6790252492287,679.0054844572145,692.6153850350568,705.5445683094351,717.8270828709545,729.495274242873,740.57987006506,751.110061017442,761.1135776959942,770.6167636436803,779.6446447286389,788.220995052286,796.3683995608828,804.1083135254441,811.4611190466034,818.4461787332357,825.0818866961922,831.3857169914277
144,0.25546875,66.01475046821838,111.00384135859984,153.6266205917575,194.09121001455011,232.52581848332758,269.0365585189385,303.72069561551075,336.6698311019958,367.9708038876465,397.70606828194957,425.953944855167,452.78883435551245,478.2814154134833,502.49883110761624,525.5048659124462,547.3601137282694,568.1221374888347,587.8456207800342,606.5825118722182,624.3821605465638,641.2914480763274,657.3549107056307,672.6148569511865,687.1114790360706,700.8829587491545,713.9655680090926,726.3937643978132,738.2002819151799,749.4162171939021,760.0711114018051,770.1930280472019,779.8086268923162,788.9432341694534,797.6209092848627,805.8645081859971,813.6957435590731,821.1352420154903,828.2025984177351,834.9164274878555,841.2944128344425
145,0.2546875,66.69541696988944,112.14865028846164,155.21133211147227,196.0937023225862,234.92527132358086,271.8132299700448,306.8558339319979,340.1456184715085,371.77030893119644,401.8132020878283,430.3534193504045,457.4661227037372,483.2227143172959,507.69102493134795,530.9354925477815,553.0173321265494,573.9946967850144,593.9228309349737,612.8542157621706,630.8387074311933,647.9236683792326,664.1540920440466,679.5727213542525,694.2201612937365,708.1349858364147,721.3538395327928,733.9115340157396,745.8411396795173,757.1740727734343,767.9401781394165,778.1678078113423,787.8838956830938,797.1140284419348,805.882512953992,814.2124402792817,822.1257464848567,829.6432704162065,836.7848085790481,843.5691672760346,850.0142121356745
146,0.25390625,67.27203359846325,113.11797581174756,156.55254423089343,197.7878231771381,236.95446239324932,274.1605946873959,309.5053374996306,343.0820363355291,374.9791836567222,405.28080387749446,434.06670898996265,461.41271654602696,487.3908511201483,512.0695344230804,535.5137656158015,557.785292536251,578.9427743442236,599.0419360255895,618.1357151660208,636.2744013818246,653.5057687755236,669.8752017653127,685.4258146199653,700.198565014153,714.2323619033637,727.564168002608,740.2290971388959,752.2605067339287,763.6900856606355,774.5479377049744,784.8626608528518,794.6614226110007,803.9700315602201,812.8130053294412,821.2136351696632,829.1940472978431,836.7752611723143,843.9772448532221,850.8189675937931,857.3184498009565
147,0.253125,67.74606396578783,113.91529402682002,157.6563037159724,199.18264739479366,238.6258774390891,276.094874612885,311.68944343364797,345.503577685121,377.62638530630795,408.142475790289,437.1322173968875,464.6719565165516,490.8342204373328,515.6879087090675,539.2984746571851,561.7280977587695,583.0358473864129,603.277838361797,622.5073787303985,640.7751101464092,658.1291412371842,674.6151742980953,690.2766256511505,705.1547399841295,719.288698971181,732.715724460798,745.4711765028204,757.5886464725367,769.1000455370707,780.0356886969722,790.4243746243069,800.2934615074621,809.6689391023923,818.5754971800218,827.0365905500586,835.0745008324453,842.7103951391153,849.9643818205874,856.8555634242067,863.4020870034946
148,0.25234375,68.11456227135439,114.53470032847562,158.51326937584759,200.26500863872016,239.92220324716914,277.59433962196323,313.38177605710223,347.3790267287035,379.67569206532323,410.356848547589,439.5033075220006,467.1918359037253,493.49536015573597,518.483158778404,542.221044877709,564.7715395332792,586.1940364777297,606.5449585338396,625.8779062247849,644.2437989497944,661.6910090974287,678.2654894499259,694.0108942143165,708.9686939991831,723.1782850399812,736.6770929606491,749.5006713448573,761.6827953765484,773.2555507964312,784.2494184087464,794.6933543609003,804.6148664074221,814.0400863591223,822.9938389082777,831.4997070111267,839.5800939998824,847.25628258786,854.548490923134,861.4759258383556,868.05683343699
149,0.2515625,68.37903394948647,114.9796120968272,159.1292717820275,201.0435652108669,240.85527566903593,278.67430254288166,314.60138386927906,348.7313924507127,381.15426944249486,411.95541540835933,441.2159499619058,469.0129331983327,495.4195703694259,520.5054050459537,544.3365023353715,566.9756228747405,588.4823881095573,608.9134373048531,628.3225767040111,646.7609212281883,664.2770290892188,680.9170296702397,696.7247450105873,711.741805214719,726.0077580889664,739.5601732947362,752.4347412923732,764.665367336194,776.2842607681807,787.3220198454477,797.8077123248582,807.7689520169763,817.2319715109579,826.2216912618785,834.7617852224357,842.874743191866,850.5819300462623,857.9036420062779,864.8591600903931,871.4668008945227
150,0.25078125,68.53714201745406,115.24528033102956,159.49670750409416,201.5074937271786,241.41074393585032,279.316623143286,315.3261117551773,349.53430990685825,382.0313735773734,412.90290678889943,442.23022201349534,470.0905622360359,496.5573061921118,521.7001620467191,545.5853510911556,568.2757821834925,589.8312174470534,610.3084296760612,629.7613518661457,648.2412192644301,665.7967043136515,682.4740448459074,698.3171658637832,713.3677952296802,727.665573568129,741.2481586705788,754.1513246776949,766.40905630042,778.0536383279826,789.115740658611,799.6244990769351,809.607591990825,819.0913133297993,828.1006417969987,836.6593066571329,844.789850233677,852.5136872799252,859.8511613802737,866.8215985302882,873.4433580366758
151,0.25,68.59042445055516,115.33504262366412,159.62115497170467,201.66498259365963,241.59972103199357,279.535610729112,315.5737021578025,349.80916221691484,382.3322107609395,413.2285129013896,442.57943947624744,470.4622891843513,496.95049390649996,522.1138124751549,546.0185144664404,568.7275547371977,590.3007392197912,610.7948824226971,630.2639570538227,648.7592361608037,666.3294281624297,683.0208051266173,698.8773246325859,713.940745538033,728.2507379560968,741.8449877316411,754.7592956919598,767.0276719332302,778.682425390988,789.754248930483,800.2723001809882,810.2642783269202,819.7564970580012,828.7739538705646,837.3403959025072,845.4783824752689,853.2093445075365,860.5536409571473,867.5306124398272,874.1586321659796
152,0.24921875,68.53716749210604,115.24533485740216,159.49679539254663,201.5076181087756,241.41090711095856,279.3168268007403,315.3263571177237,349.53459783250145,382.0317046330152,412.9032813057281,442.230640129829,470.0910239312127,496.55781131378126,521.7007103331382,545.5859421896182,568.2764156657059,589.8318928220696,610.3091464012216,629.7621093563928,648.2420169002643,665.797541447955,682.4749208098121,698.3180799717275,713.368746783774,727.6665618619257,741.2491829923351,754.1523843131889,766.4101505353872,778.0547664502153,789.1169019597688,799.6256928540993,809.6088175478303,819.0925699783692,828.1019288577088,836.6606234602232,844.7911961197292,852.5150616004238,859.8525634980624,866.823027819937,873.4448138847645
153,0.2484375,68.37893217624861,114.97939425992341,159.12892066154967,201.04306829833783,240.85462377471532,278.6734889201602,314.6004036336043,348.73024217468594,381.15294686166897,411.95391919994705,441.21427957361067,469.0110887129545,495.4175523958268,520.5032146299831,544.3341408862425,566.9730921035997,588.4796899778256,608.9105739805043,628.3195505243754,646.7577346681642,664.2736847340175,680.9135301919448,696.7210931479555,711.7380037557438,726.0038098558147,739.5560811307239,752.430508050709,764.6609958702555,776.2797539231221,787.3173804509725,797.8029431890095,807.7640559208189,817.2269512040423,826.2165494583935,834.7565245979671,842.8693663806866,850.576439639094,857.8980405484647,864.8534500804437,871.4609847829698
154,0.24765625000000002,68.11463853823982,114.53486357140497,158.51353249932387,200.2653810166342,239.92269176643921,277.5949493386822,313.38251063197055,347.37988873044577,379.6766831911506,410.357969789025,439.5045592931472,467.19321814272456,493.4968724064761,518.484800257271,542.2228145287585,564.7734360742737,586.196058438853,606.5471042904613,625.8801740253392,644.2461869396026,661.6935153391274,678.2681119410342,694.0136309023766,708.9715427948273,723.1812438282246,736.68015961065,749.5038437183543,761.6860713351504,773.2589282079064,784.2528951524405,794.696928332391,804.6185355225052,814.0438485572116,822.9976921552892,831.5036493019084,839.584123360245,847.2603970762556,854.552688632023,861.480204895303,868.0611920055172
155,0.2859375,-16.01148593705717,-26.92308112614228,-37.26064282266093,-47.074676035064414,-56.39629521044625,-65.25125060833165,-73.66314353168228,-81.65419928132422,-89.24548647041556,-96.45700905719433,-103.30776746096386,-109.81581064001239,-115.99828418623923,-121.87147568346153,-127.45085770856443,-132.75112865191898,-137.78625148196406,-142.5694905621814,-147.1134466203872,-151.43008996425718,-155.5307920318557,-159.42635536118962,-163.12704205844324,-166.6426008404207,-169.9822927228423,-173.15491542250805,-176.16882653785495,-179.03196556918616,-181.7518748367456,-184.33571935187894,-186.79030569373268,-189.12209994131115,-191.3372447082044,-193.44157532491712,-195.44063521148794,-197.33969048092425,-199.14374381196913,-200.8575476277662,-202.48561661516823,-204.03223961768828
156,0.246875,67.74586104676929,113.91485969603723,157.65560363977556,199.1816566333483,238.6245776695733,276.0932523836763,311.68748900575747,345.50128422488365,377.62374829879104,408.13949259807447,437.1288869187889,464.66827891765837,490.83019693161606,515.6835413817781,539.2937663180624,561.723051819557,583.0304677578595,603.2721293664848,622.5013450285767,640.7687566726172,658.1224731459057,674.6081969170227,690.2693444409117,705.1471605035227,719.2808268471396,732.7075653624242,745.4627361189405,757.5799304923132,769.0910596332704,780.0264385115562,790.414865756048,800.2836995013439,809.658929440563,818.5652452741256,827.02610173477,835.0637803600696,842.699448175122,849.9532134399726,856.8441786085824,863.3904906388176
157,0.24609375,67.27216018736709,113.11824676478027,156.5529809671418,197.78844125552695,236.95527324478977,274.16160670426757,309.5065567579203,343.08346709884563,374.98082874212366,405.28266493072755,434.06878669836146,461.41501080691995,487.39336117647537,512.0722589741881,535.5167029090186,557.7884404433012,578.9461304254841,599.0454975844747,618.1394792952565,636.2783650029872,653.5099286729484,669.8795546152521,685.4303570157186,700.2032934877569,714.2372729443339,727.5692580741415,740.234362691874,752.2659442190178,763.6956915387251,774.5537084561702,784.8685929842015,794.667512663111,803.9762761128987,812.8194010064848,821.2201786428894,829.2007352904633,836.7820904617173,843.9842122732456,850.8260700365407,857.3256842182125
158,0.0,-18.618422262062154,-31.3070425741263,-43.328351014681516,-54.741028410276066,-65.58122240595718,-75.87885173571118,-85.6613419384708,-94.95452243441974,-103.78288047687559,-112.16966746704342,-120.13696953800795,-127.7057677671394,-134.89599384717582,-141.72658263710647,-148.21552201548357,-154.37990022934193,-160.23595087585593,-165.79909563694315,-171.08398487897907,-176.10453622389375,-180.87397119268155,-185.40485001737116,-189.70910471280504,-193.7980704950588,-197.6825156290309,-201.37266978366046,-204.87825096930703,-208.20849112813528,-211.37216044481684,-214.37759044150505,-217.23269591784705,-219.9449957937704,-222.52163290989782,-224.96939283770138,-227.2947217489143,-229.50374339123005,-231.6022752149852,-233.5958436932758,-235.48969887584292,-237.2888282150466
159,0.0,-21.194989974021357,-35.6391679407072,-49.323521459925665,-62.31489508121981,-74.65446860525094,-86.37632300969574,-97.51169589359851,-108.09000427758481,-118.139134678361,-127.68556477841463,-136.7544442192932,-145.36966346172343,-153.55391739310787,-161.32876532661314,-168.714687889683,-175.73114103285033,-182.39660732237542,-188.72864465871956,-194.74393255222878,-200.45831607969805,-205.8868476388304,-211.04382661144726,-215.94283704060743,-220.59678342138778,-225.0179246999962,-229.21790657110063,-233.20779215868419,-236.99809116144743,-240.59878753968832,-244.01936581672206,-247.2688360642226,-250.35575763738856,-253.28826172252752,-256.0740727565043,-258.72052877453194,-261.23460073993465,-263.6229109068402,-265.89175026419593,-268.0470951070829,-270.0946227789997
160,0.24531250000000002,66.6951141561498,112.14800214158807,155.21028739575274,196.09222382059286,234.9233316923781,271.8108091359325,306.8529173615967,340.14219596702037,371.76637375504146,401.80875030421913,430.3484493160557,457.4606346650111,483.2167100857895,507.6845076188585,530.928466347251,553.0098021292852,573.9866688269827,593.9143114667153,612.8452117381219,630.829226215111,647.9137176630935,664.1436797783052,679.5618556877408,694.2088505217854,708.1232383560313,721.3416638039128,733.8989385277333,745.8281329222558,757.1606632123215,767.9263741938857,778.153617836378,787.86932795341,797.0990911384782,805.8672141524964,814.1967879406205,822.1097484469834,829.6269343874919,836.7681421328498,843.5521778463541,849.9969070137691
161,0.41484375,-28.716180641460745,-48.28642718305259,-66.82740483099944,-84.42962939246776,-101.14885976706057,-117.0312460021997,-132.11909166484654,-146.4522377826199,-160.0684547332386,-173.00360635448905,-185.29175890250477,-196.9652739869334,-208.05489448444837,-218.58982562800216,-228.59781192717801,-238.10521021985284,-247.1370590682428,-255.71714468580038,-263.8680635687353,-271.6112819966252,-278.9671925583647,-285.95516785190637,-292.59361149892635,-298.9000066085378,-304.8909618174914,-310.58225502798285,-315.988874958136,-321.12506061449886,-326.00433879043635,-330.6395596891165,-335.0429307648563,-339.2260488719135,-343.19993080536364,-346.975042314458,-350.56132566486286,-353.9682258223379,-357.20471532680284,-360.2793179222854,-363.2001310049715,-365.97484694846935
162,0.4140625,-26.24781973226594,-44.135527156633195,-61.08230371009213,-77.17092137334893,-92.4523714214399,-106.96885543669849,-120.75905473027017,-133.85939668227385,-146.30441378798378,-158.12689421441294,-169.35798177282547,-180.02726113656476,-190.1628365693192,-199.79140619512168,-208.93833242354475,-217.62770881396435,-225.88242358006178,-233.7242199094676,-241.17375326056947,-248.2506457891369,-254.9735380493133,-261.3601381059726,-267.42726818845057,-273.19090900902575,-278.66624186325413,-283.8676886233549,-288.8089497302225,-293.50304028432384,-297.96232433069883,-302.1985474284917,-306.22286759090207,-310.04588467713256,-313.67766831382426,-317.12778441957107,-320.40532040243903,-323.51890909688575,-326.47675150317076,-329.2866383891781,-331.95597081157064,-334.4917796103515
163,0.41328125000000004,-23.740485392174623,-39.91979415671147,-55.24818943933235,-69.80050023385282,-83.62282191292344,-96.75330648038518,-109.22692630014258,-121.07661813158686,-132.33360704882182,-143.0275420711594,-153.18658621187444,-162.83749328879918,-172.0056789355534,-180.71528762825469,-188.98925626838263,-196.8493745692397,-204.31634242166308,-211.40982439279458,-218.1485015013212,-224.550120404971,-230.63154012930798,-236.40877646044666,-241.89704411829146,-247.11079682111912,-252.06376534681417,-256.76899369085095,-261.2388734161222,-265.48517628497893,-269.5190852593469,-273.3512239504956,-276.99168459596484,-280.45005463728796,-283.73544196847394,-286.8564989217056,-289.82144505340966,-292.6380887906764,-295.3138479950264,-297.85576949766556,-300.2705476576626,-302.5645419919153
164,0.41250000000000003,-21.194989863446043,-35.639167680497174,-49.32352101412482,-62.31489442242375,-74.65446771365328,-86.37632187220403,-97.51169450299551,-108.09000263175537,-118.13913277957539,-127.68556263267592,-136.75444183574194,-145.36966085209679,-153.55391457125742,-161.32876230806636,-168.7146846912594,-175.73113767231652,-182.3966038181429,-188.72864102957848,-194.74392881711768,-200.45831225750103,-205.88684374820647,-211.04382267068434,-215.94283306749702,-220.5967794331222,-225.01792071308583,-229.21790260130493,-233.2077882209594,-236.99808726990642,-240.59878370757312,-244.01936205638583,-247.26883238712125,-250.35575405407903,-253.28825824267423,-256.07406938889045,-258.7205255270757,-261.2345976197106,-263.6229079201027,-265.8917474164068,-268.04709240294085,-270.09462022247055
165,0.41171875,-18.61842215476814,-31.30704232191951,-43.328350583013446,-54.741027772960635,-65.5812215442273,-75.87885063734537,-85.66134059696505,-94.95452084822566,-103.78287864869466,-112.16966540318543,-120.13696724780627,-127.70576526242048,-134.89599114178728,-141.7265797464879,-148.2155189562921,-154.379897019116,-160.23594753272099,-165.79909217935338,-171.08398132549428,-176.10453259298322,-180.87396750255954,-185.40484628585665,-189.7091009572017,-193.79806673205692,-197.68251187462903,-201.37266605310077,-204.87824727702602,-208.2084874877271,-211.37215686900885,-214.37758694214224,-217.23269250588586,-219.94499247927897,-222.52162970206425,-224.96938974484624,-227.29471877850844,-229.50374054991693,-231.6022725086049,-233.59584112689373,-235.48969645377923,-237.28882594090763
166,0.4109375,-16.011485832939837,-26.923080881679056,-37.26064240466039,-47.07467541851275,-56.396294377573994,-65.25124954775067,-73.66314223756848,-81.65419775266646,-89.24548471032084,-96.4570070722569,-103.30776526069101,-109.81580823630436,-115.99828159292687,-121.8714729158869,-127.45085478321505,-132.7511255861004,-137.78624829351318,-142.5694872692162,-147.1134432410902,-151.4300865166863,-155.53078853378534,-159.42635182997626,-163.12703851091038,-166.64259729276546,-169.9822891905616,-173.15491192033733,-176.16882307972264,-179.0319621681802,-181.7518715050916,-184.33571610092696,-186.79030253395345,-189.12209688229814,-191.33724175868346,-193.44157249276094,-195.44063250373435,-197.33968790379998,-199.14374137091446,-200.85754532746432,-202.48561445957515,-204.0322376100645
167,0.41015625,-13.381570152428434,-22.50127215794355,-31.141378032653915,-39.34405866577741,-47.135291127363686,-54.53657643571009,-61.5676242286626,-68.24699735016034,-74.59229426919026,-80.62022542346104,-86.34666390357293,-91.78668869611376,-96.95462467148015,-101.86408033502532,-106.52798364356647,-110.95861602491716,-115.16764469824648,-119.16615338111595,-122.96467146342728,-126.57320172437073,-130.00124666479354,-133.25783352384596,-136.35153804544345,-139.29050705686151,-142.08247991869914,-144.73480890253987,-147.25447854983616,-149.64812406289118,-151.92204877628558,-154.08224075468928,-156.13438856070923,-158.0838962342499,-159.9358975228009,-161.69526940008458,-163.36664490864885,-164.9544253601948,-166.46279192575238,-167.8957166462133,-169.25697289219795,-170.55014530079728
168,0.40937500000000004,-10.729265666851916,-18.04100433385402,-24.96803953994095,-31.544225380124622,-37.7904191239278,-43.72388155987824,-49.36043219024375,-54.71496757422038,-59.801608530277484,-64.63376196460462,-69.22416193305908,-73.58490461586216,-77.72748060289248,-81.66280533160403,-85.4012479357502,-88.95265862577341,-92.3263946863739,-95.53134516503287,-98.57595431934709,-101.46824388675681,-104.21583423665493,-106.8259644615347,-109.30551146084383,-111.66100806838345,-113.8986602714298,-116.02436356729642,-118.04371850069269,-119.96204542302962,-121.78439851273262,-123.51557909363994,-125.1601482866864,-126.72243902830022,-128.2065674872565,-129.61644391012229,-130.955782923929,-132.22811332325102,-133.4367873675156,-134.58498961307146,-135.67574530330566,-136.71192833893997
169,0.40859375000000003,-8.062216319247531,-13.556774166226631,-18.76240852690249,-23.704520347314237,-28.398755957882205,-32.85806609379761,-37.09432296968047,-41.118708402208334,-44.94182357141318,-48.57373492252797,-52.02400463779277,-55.301716643579155,-58.415500668353694,-61.37355496129979,-64.18366785114505,-66.85323822652711,-69.38929499574773,-71.7985155768877,-74.087243466086,-76.26150492942853,-78.32702486179619,-80.2892418539272,-82.15332250701313,-83.92417503224365,-85.60646217087711,-87.20461346869698,-88.72283693703142,-90.16513013093251,-91.53529067359966,-92.83692625468792,-94.07346412876818,-95.24816013890282,-96.36410728906313,-97.42424388791947,-98.43136128543162,-99.38811122258018,-100.29701281357708,-101.16045917892627,-101.98072374678294,-102.75996623919829
170,0.4078125,-5.380896009090174,-9.047698992693416,-12.52150040462284,-15.81929469658766,-18.95155336135398,-21.926941291624285,-24.753398650964943,-27.438401409930876,-29.989035528680898,-32.41202819986689,-34.713768603327054,-36.90032556187414,-38.97746381814903,-40.950659364447766,-42.8251139611039,-44.60576890800284,-46.297318114813145,-47.90422050880874,-49.43071181565267,-50.88081574600007,-52.25835461874745,-53.56695944988172,-54.810079534275886,-55.99099154626117,-57.1128081833936,-58.178486376558325,-59.19083508832103,-60.152522720302215,-61.06608414927715,-61.933927410689776,-62.75834004731136,-63.54149513987261,-64.28545703564743,-64.99218679014314,-65.66354733630303,-66.30130839488237,-66.90715113898008,-67.48267262505323,-68.0293900021137,-68.54874451022907
171,0.40703125,-2.693156240535316,-4.528694151391127,-6.267762529464393,-7.91883577240257,-9.487133006226086,-10.976974837484077,-12.392322861466788,-13.736908928013673,-15.014271568438291,-16.227771172547527,-17.38060006021578,-18.47579109219539,-19.51622564989772,-20.504641181421025,-21.443638369781265,-22.335687947843255,-23.183137177493823,-23.9882160088376,-24.753042934493536,-25.479630553512795,-26.169890858932135,-26.825640262358526,-27.448604368445846,-28.040422511542957,-28.602652066215924,-29.136772542823326,-29.64418947877703,-30.1262381356186,-30.584187011552746,-31.01924117860915,-31.432545453154194,-31.825187408048496,-32.198200234342295,-32.55256545999917,-32.88921553278498,-33.20903627409005,-33.51286921012643,-33.80151378662173,-34.07572947282039,-34.33623776032439
172,0.40625,0.0006486628315241878,0.001388423647957152,0.002237948365090831,0.0031672049578581035,0.004155037593866318,0.00518587128912274,0.006247834881528165,0.007331638261320461,0.0084298668453691,0.009536516868275148,0.010646675902479287,0.011756294831563508,0.012862019788108262,0.013961064931038752,0.015051113915151368,0.01613024215780486,0.017196854527156143,0.01824963471887664,0.019287503655687595,0.02030958497803649,0.02131517615053113,0.022303724112517652,0.02327480461547494,0.024228104585798417,0.025163407004821534,0.02608057788024046,0.026979554981248117,0.027860338064466854,0.028722980366924472,0.029567581182187903,0.030394279368924096,0.031203247663660755,0.03199468768588653,0.0327688255521813,0.033525908013329137,0.0342661990549976,0.034989976902734525,0.03569753138029636,0.036389161583815534,0.037065173828979274
173,0.40546875000000004,2.6925080428702817,4.527306770985301,6.2655263119372915,7.915671063886881,9.482981282804486,10.971793128708764,12.386080050146962,13.729583172173598,15.00584842838135,16.21824220228011,17.369961718048874,18.4640438791275,19.50337341581563,20.49069055836223,21.428598303525533,22.319569307092717,23.165952425233485,23.969978924196774,24.733768376090374,25.45933425723688,26.148589264514662,26.80335036422864,27.425343587189417,28.016208582931352,28.57750294531456,29.11070632108119,29.617224312344188,30.09839218340733,30.555478381777785,30.989687882725097,31.402165366265386,31.793998234992735,32.16621948074899,32.51981040772853,32.85570321921474,33.17478347479592,33.4778924245537,33.765829226390366,34.03935305235748,34.29918508954258
174,0.40468750000000003,5.382189336408144,9.050467281980792,12.52596250726162,15.825609585005468,18.959837826691274,21.937281071029354,24.76585581240817,27.453019498401503,30.005843305681957,32.43104245635689,34.73499633567118,36.92376569314763,39.00310858435202,40.978495447058826,42.85512342317985,44.63792997529085,46.331605832623346,47.94060729795202,49.46916794543378,50.921309738404865,52.30085359502069,53.611429428556,54.856485688003005,56.03929842347709,57.16297989983693,58.2304867808118,59.24462790489258,60.208071673218036,61.12335306871318,61.992880324801064,62.818941261118624,63.603709302809236,64.34924919914741,65.05752245648429,65.73039249974829,66.36962957604324,66.97691541320866,67.55384764556696,68.10194401848297,68.62264638277176
175,0.40390625,8.061572119691983,13.555395343655382,18.760186103614316,23.701375161034598,28.394629845903065,32.85291635088986,37.08811867070594,41.11142783998267,44.93345239532689,48.56426473866355,52.0134319262507,55.29004190218041,58.402727723124435,61.359690403233955,64.168720570689,66.83721902517416,69.37221625942884,71.78039099955159,74.068087814506,76.24133384223488,78.30585467711805,80.26708946117054,82.13020521911426,83.90011047538357,85.58146818918289,87.17870804184358,88.69603810900222,90.1374559484631,91.50675913304855,92.80755525625831,94.04327143716249,95.21716334961589,96.33232379961889,97.39169087346187,98.39805567813904,99.35406969445276,100.26225176219658,101.12499471583313,101.94457168816643,102.72314209861983
176,0.403125,10.730547023790628,18.043747001889965,24.972460345370116,31.55048182443462,37.79862691764787,43.73412564688116,49.372774064212045,54.72945037721769,59.818260757639536,64.65260025185327,69.2451932117217,73.60812781885087,77.75288803789597,81.6903838031653,85.43097967270842,88.9845220551519,92.36036508417817,95.56739520704723,98.61405454975413,101.50836311858725,104.25793989516075,106.87002287946237,109.35148813289116,111.70886787081474,113.94836765182376,116.07588270855679,118.09701346280636,120.0170802655168,121.8411374002924,123.57398638713012,125.2201886212806,126.78407738041008,128.26976923158676,129.68117486806224,131.02200940431288,132.2958021564033,133.5059059333804,134.65550586412294,135.74762778286407,136.7851461954329
177,0.40234375,13.380933924449861,22.499910398298496,31.139183112831443,39.34095240366117,47.13121608044041,54.531490427555866,61.561496717062994,68.23980689668515,74.58402670085715,80.61087245018551,86.33622204890179,91.77515845153394,96.94200981544489,101.85038737669558,106.51322136306386,110.94279508973214,115.15077734067759,119.14825312527627,122.94575289296695,126.55328028400098,129.9803384900656,133.235955294767,136.32870686031384,139.26674032335694,142.05779525975333,144.70922407496826,147.2280113739796,149.62079236182274,151.8938703233401,154.0532332282522,156.10456950535888,158.05328302746835,159.90450734656667,161.66311921676592,163.3337514406731,164.92080507304834,166.4284610139168,167.86069102168585,169.2212681752968,170.5137768129744
178,0.40156250000000004,16.012747321275977,26.92578102320964,37.26499466441974,47.080834856506144,56.404374910721494,65.26133480323942,73.67529275587393,81.66845600707435,89.261878754382,96.47555328350042,103.32847046302815,109.8386713789772,116.02329510261579,121.89862380140094,127.48012554856278,132.78249499238743,137.81969199965735,142.60497837421127,147.1509527453654,151.46958371635287,155.5722413586909,159.46972713440394,163.17230232409406,166.6897150351033,170.03122586042443,173.20563225553886,176.22129169708174,179.08614368407385,181.80773063946376,184.39321776685918,186.8494119146105,189.18277949681337,191.39946351832958,193.5052997485914,195.50583208671165,197.40632715831327,199.21178818247216,200.92696814524936,202.55638231447648,204.10432012871658
179,0.40078125000000003,18.61779782270109,31.305706025130533,43.32619670638232,54.73797959705863,65.57722270128764,75.8738597400813,85.65532767460158,94.9474648633974,103.7747656934956,112.16048734248459,120.12672066998914,127.69445064952542,134.8836122012781,141.71314286540962,148.20103275013207,154.36437195539565,160.21939561447604,165.78152667725394,171.06541654991824,176.08498369925888,180.85345032393332,185.3833771898516,189.68669672181875,193.7747444388975,197.65828881654147,201.34755965432825,204.8522750241683,208.18166687008673,211.34450532710255,214.34912182333736,217.2034310262698,219.91495169099326,222.49082646542885,224.93784070470434,227.26244034427532,229.4707488788982,231.56858349219522,233.56147037931163,235.45465930304385,237.25313742178506
180,0.4,21.1962237074743,35.6418086525093,49.32777790245065,62.32091889010519,74.66237118206936,86.38618613657128,97.52357877754648,108.1039484592749,118.15516759894092,127.7037024624628,136.77469335013495,145.39202302306373,153.57837999104314,161.35531826969054,168.74331408159267,175.76181971729503,182.4293147094542,188.76335445505308,194.7806164119878,200.4969439900164,205.9273882502871,211.08624752225677,215.9871050415251,220.64286470708728,225.06578505170603,229.26751151447033,233.25910710023882,237.05108150646114,240.65341879388876,244.07560367388143,247.32664648141014,250.41510689941154,253.3491164968774,256.1364001399664,258.7842963324506,261.29977653901744,263.689463542267,265.95964888170715,268.1163094206444,270.1651230845649
181,0.39921875,23.739876807035497,39.91849156577986,55.246089892677304,69.79752894825513,83.61892394329789,96.74844148405789,109.22106506277851,121.06974014673044,132.32569875946479,143.01859554729523,153.176598127725,162.82646411390223,171.99361228340834,180.7021897242637,188.9751355101069,196.83424115950015,204.30020806001738,211.39270201442608,218.130405054872,224.53106466270683,230.61154052430683,236.38784894658843,241.8752050495878,247.08806284753766,252.04015332425897,256.7445206033289,261.21355630844937,265.4590322046341,269.49213120628457,273.3234768339024,276.9631611970929,280.4207715776135,283.70541568252554,286.825745634006,289.789980759028,292.60592923896735,295.28100867617604,297.8222656317108,300.23639418569394,302.52975356920115
182,0.3984375,26.249018326741755,44.13809268097671,61.086438989332585,77.17677373903955,92.4600491128841,106.97843791316221,120.77059951489353,133.872944131363,146.31999055665167,158.1445158635402,169.37765478568883,180.04898451411887,190.1866031149297,199.81720356421505,208.96614399118903,217.65751439881055,225.91420005314203,233.75794170944764,241.20939283212766,248.28817395757505,255.01292434177265,261.40135102765504,267.47027546065726,273.2356777746018,278.71273886409347,283.9158803538279,288.85880256978703,293.554520612074,298.0153986241925,302.2531823488593,306.27903005595914,310.103541923982,313.7367879522278,317.18833447721715,320.46726936306976,323.5822259321438,326.54140569891075,329.35259996689626,332.02321034553614,334.5602682409445
183,0.39765625000000004,28.71559155720791,48.2851663332431,66.82537256627373,84.42675332741486,101.14508671845387,117.02653692102523,132.113418273557,146.44558023225122,160.0607999013471,172.9949465651067,185.28209093616508,196.9545982977047,208.04321456947503,218.57714751251746,228.58414373887243,238.09056183374992,247.12144180807994,255.70057107130046,263.8505471005721,271.592836972684,278.9478339161588,285.9349110330625,292.57247233239025,298.87800120974305,304.86810650123107,310.5585662330752,315.9643691822917,321.0997543580412,325.9782485077257,330.6127017466948,335.0153214054732,339.1977041837063,343.1708666955578,346.94527448704787,350.5308696017876,353.9370967677413,357.17292827401053,360.24688760317486,363.1670718814566,365.9411732058436
184,0.39687500000000003,31.139979019982366,52.362250692171884,72.46848186913248,91.55680811781895,109.68768010001453,126.91113205269497,143.2730293540287,158.81656859520444,173.58270212733166,187.61031574847945,200.93634666967043,213.59588415860827,225.62226260376517,237.04714937062818,247.90062815373238,258.2112781455659,268.00624925031786,277.31133354254564,286.1510331576765,294.5486247916069,302.52622097794386,310.1048283032936,317.30440271312335,324.14390205324736,330.64133598485205,336.8138134041312,342.6775874911286,348.24809850618453,353.54001444650316,358.567269669753,363.3431015862924,367.88008551654366,372.1901678052251,376.2846972795776,380.17445513436866,383.8696833223282,387.380111524739,390.7149827731714,393.8830777898111,396.892738110447
185,0.39609375,33.51426513715064,56.35414699528051,77.99265459881622,98.53545870127078,118.04765640484655,136.5831248489923,154.19124833632128,170.91853462679063,186.8090729968942,201.90472622275726,216.24525805485712,229.86844190366344,242.8101612722632,255.1045045191509,266.78385472767195,277.87897504023624,288.41908971113264,298.4319610991781,307.94396280558635,316.98014915091653,325.56432117480415,333.71908933285,341.4659330561747,348.8252573308029,355.8164464461399,362.45791505427496,368.76715667474855,374.7607897726456,380.454601531477,385.8635894362105,391.00200077604205,395.8833701710006,400.520555221266,404.92577037313487,409.11061909085555,413.0861244190968,416.86275801656683,420.45046773726847,423.8587038320515,427.0964438394841
186,0.3953125,35.838951388077625,60.263578017057206,83.40373246242503,105.37236433240994,126.23905006931896,146.06137686706262,164.89213333161862,182.78103611070392,199.77521862757064,215.9194356616814,231.25619917121597,245.825894163544,259.6668858319097,272.8156206913468,285.30672252572424,297.17308351682937,308.4459508187876,319.155008808731,329.3284572293012,338.9930854273274,348.17434288291923,356.89640621376464,365.182242830326,373.0536714089883,380.53141934197305,387.6351773149414,394.38365115574334,400.79461109062095,406.8849385374029,412.6706705587644,418.1670420925053,423.38852606995283,428.34887152805965,433.0611398154976,437.5377389880354,441.79045648373403,445.8304901639712,449.66847780200277,453.3145250966952,456.77823228517406
187,0.39453125,38.10631212848593,64.07568560281292,88.6790859829184,112.03666020933287,134.22242303935147,155.29763239972152,175.31843808656365,194.3377194277583,212.4056060469812,229.56969611426678,245.87520126117445,261.36507013981225,276.0801026028654,290.05905744020794,303.3387545540072,315.95417197886593,327.9385380351832,339.3234188669796,350.1388015974996,360.413173322856,370.1735961524737,379.44577849451304,388.2541427743874,396.6218897650239,404.5710596985359,412.1225903204319,419.29637203941445,426.1113003181336,432.58532544297753,438.73549980405414,444.5780228099594,450.1282835556769,455.4009013560263,460.40976425146147,465.1680655876566,469.6883387652525,473.98249025131076,478.0618309394324,481.9371059411598,485.6185228871339
188,0.39375000000000004,40.316964703772285,67.79336034512485,93.82477131280277,118.53826488437005,142.01211432071483,164.3111047284481,185.49462248201755,205.6185977659773,224.73605448247295,242.89734046424488,260.15028031625644,276.54030579853116,292.1105763749017,306.902093005056,320.9538060950502,334.3027180247287,346.9839805490542,359.0309873336769,370.4754618676612,381.3475409835388,391.67585420341527,401.48759911917506,410.80861300455547,419.6634408471196,428.07539997886227,436.066641475291,443.65820848441655,450.8700916390329,457.7212816980427,464.2298195553085,470.41284374761756,476.28663558677215,481.86666203457844,487.1676164335857,492.2034572007776,496.9874445860751,501.5321755924157,505.8496171493344,509.9511376273881,513.8475367763883
189,0.39296875000000003,42.46342103446611,71.40217630256761,98.81878131534866,124.8471184544725,149.56966380669755,173.05467841054752,195.364731373457,216.5587475725647,236.69258791290773,255.81929249986595,273.9892421013236,291.2502958182935,307.64791830839107,323.22529983203424,338.0234701032664,352.0814063976649,365.43613623809205,378.1228349379961,390.17491826206634,401.62413044954934,412.50062783275723,422.83305827152714,432.648636613194,441.97321637711013,450.83135785274095,459.24639279085363,467.24048585833344,474.8346930185891,482.0490169914052,488.9024599383787,495.4130735127691,501.59800640563026,507.4735495134888,513.0551788465726,518.3575962906216,523.3947683296708,528.1799628318091,532.7257839948196,537.044205543755,541.1466022678944
190,0.3921875,44.54641052585473,74.90517406433983,103.66734925027049,130.97333761848262,156.9096266677264,181.54779999555512,204.95347560811211,227.18845239857842,248.31131783798423,268.3777024011994,287.4404484853643,305.5497545012374,322.75330809078457,339.0964118737901,354.6221027362873,369.37126512419775,383.38273867106136,396.6934204479921,409.3383621046181,421.3508621555808,432.76255365445957,443.6034874851391,453.9022114892504,463.68584563752796,472.98015344263746,481.8096098011898,490.19746544335595,498.165808159587,505.7356209655201,512.9268373580991,519.7583938083249,526.2482796287771,532.4135843471571,538.2705427105526,543.8345774388835,549.1203398400846,554.1417483939443,558.9120254061806,563.4437318292596,567.7488003416327
191,0.39140625,46.55872882977086,78.28844884300082,108.3492260024589,136.8878527014958,163.99475786379577,189.7447847876257,214.20653613235314,237.4446190328899,259.52028127455986,280.4916778881848,300.41404816377377,319.33986658396066,337.31898230654997,354.3987507801799,370.62415856893455,386.03794188149743,400.68069915620106,414.59099800841693,427.8054768249775,440.3589412744735,452.28445598829035,463.61343165436125,474.37570775336246,484.59963115553074,494.31213078533506,503.53878855080353,512.3039067244661,520.6305719534777,528.5407160676049,536.0551738452921,543.1937378900219,549.9752107615398,556.4174544992886,562.5374376685247,568.3512800530435,573.8742951122589,579.1210303144728,584.1053054525826,588.8402490431572,593.3383329047601
192,0.390625,48.501212914366334,81.55517247812793,112.87078350871906,142.60091617605616,170.8397389925258,197.66519270991,223.14872240919317,247.35761468143417,270.35565935528757,292.2034265673606,312.9584507160081,332.6753873728176,351.40615834771006,369.200088614845,386.10403620351474,402.16251555951067,417.4178147356923,431.910106725924,445.6775552353226,458.75641516422456,471.18112806939115,482.9844128530178,494.1973519176951,504.84947301369465,514.9688269937335,524.582061679654,533.7144920353076,542.3901668302337,550.6319319695391,558.4614906566158,565.8994605470417,572.9654280440836,579.6779998787213,586.0548521099697,592.1127766744925,597.8677256080558,603.3348530552469,608.5285551780579,613.4625080684186,618.1497037644925
193,0.38984375000000004,50.36698657998017,84.69204706390428,117.21166168342313,148.08462781961632,177.408769708674,205.26505147475433,231.72768637092446,256.86656546537694,280.74794581074036,303.43473881816,324.9867017311654,345.4606008913671,364.9103626201168,383.3872155921794,400.9398258645481,417.6144250960729,433.45493233768224,448.50306972449704,462.79847237765546,476.3787928065731,489.2798000872628,501.53547407842063,513.1780949237457,524.2383280764818,534.7453050703313,544.7267002496162,554.2088036609246,563.2165902983045,571.7737858844847,579.9029293614244,587.6254322548505,594.9616350691706,601.9308608613358,608.5514661347864,614.84088918755,620.8156960418532,626.4916240762344,631.8836234750898,637.0058966048384,641.8719354204213
194,0.38906250000000003,52.156989197443416,87.70235613484246,121.37833185536014,153.34931266852254,183.71656752012558,212.56391378549787,239.96818313775776,266.0017350216117,290.7331683378153,314.22761944966487,336.5469600380195,357.74996586551345,377.89247279479144,397.0275240495149,415.2055099068992,432.4743003662425,448.8793711798149,464.4639235843651,479.2689980485665,493.3335823349362,506.6947141597688,519.387578720661,531.4456013478183,542.9005355226534,553.7825464951039,564.1202907195639,573.9409913183994,583.2705097715811,592.133414021087,600.5530431692955,608.5515689416627,616.1500540754578,623.3685077882581,630.2259384722281,636.7404037529058,642.929058044287,648.8081977254196,654.3933040574485,659.6990839541146,664.7395087130616
195,0.38828125,53.86471510966138,90.57349065276485,125.35144849508825,158.3684119667422,189.72899749744371,219.51979086646477,247.82015837116438,274.70484411131815,300.24470591008077,324.507023689137,347.5557042222477,369.4514557266188,390.25194921343865,410.0119707417785,428.7835658191134,446.61617652090723,463.5567717351302,479.6499708858153,494.9381614647061,509.46161068180356,523.2585715295018,536.3653835401346,548.8165685026072,560.6449213904572,571.8815967410306,582.5561907134135,592.696819041375,602.3301910867178,611.4816801881664,620.1753904911263,628.434220434397,636.2799230610788,643.733163312562,650.8135724565277,657.5397997923327,663.9295617699838,669.9996886520873,675.7661688416835,681.2441909927321,686.448184014166
196,0.3875,55.49120029860703,93.30882560303141,129.13754242547876,163.1522596571319,195.4607223204375,226.1521076522519,255.3081602249899,283.005866216947,309.3182106659285,334.3144945745667,358.0605454467272,380.61889686396097,402.0489544949693,422.4071527837988,441.7471035827688,460.1197373102189,477.5734370446938,494.15416591583664,509.9055881277426,524.8691839325894,539.0843588563708,552.5885474636444,565.417311933958,577.6044357090965,589.1820124574249,600.180530589323,610.6289535460728,620.5547960734563,629.9841966807948,638.9419864761303,647.4517545587403,655.5359101411209,663.2157415639705,670.5114723595491,677.4423145110044,684.0265190478998,690.2814241111518,696.2235006139358,701.868395618795,707.2309735451594
197,0.38671875,57.030349759289784,95.89651855401452,132.71840194489397,167.67580219373136,200.87948292866076,232.4211177539192,262.3847366915191,290.8494760505701,317.89035756269425,343.5786148570128,367.9819102309962,391.164519491091,413.18750277735467,434.10886575888816,453.9837125157849,472.8643907132846,490.80062949758604,507.83967048804834,524.0263922140398,539.4034283254085,554.0112798885144,567.888422064031,581.0714054477639,593.5949523416313,605.4920482085442,616.7940285521935,627.5306614506854,637.7302259614839,647.4195866042426,656.6242641177456,665.3685026773785,673.675333750194,681.5666367557899,689.0631966927983,696.1847588827762,702.9500809757088,709.3769823541079,715.4823910658383,721.282388409302,726.7922512884041
198,0.38593750000000004,58.48328969765406,98.3400151340191,136.10057710559926,171.94931871372108,205.99979677355876,238.3459985761504,269.0740776107128,298.2651721437222,325.99620337299007,352.3402096767458,377.3665685334004,401.141185803089,423.72667070486193,445.18250096603276,465.5651794791254,484.9283830785539,503.3231038713695,520.7977835021319,537.398440706021,553.1687924853298,568.1503692275816,582.3826240677594,595.903036782094,608.7472124865936,620.9489753999167,632.5404579172438,643.55218522953,654.0131557108155,663.9509172851671,673.3916399742557,682.3601848165428,690.8801693395079,698.9740297572754,706.6630800574018,713.9675681323846,720.9067291036904,727.4988359787029,733.7612477739754,739.7104552315113,745.3621242484405
199,0.38515625000000003,59.844373338547705,100.6283125304992,139.2671023149612,175.94941534465988,210.79147955151643,243.88949116645222,275.33162586308276,305.20092425817245,333.5761094578729,360.53192961971854,386.1393854043162,410.4659239256246,433.5756179964974,455.5293352718221,476.38489866933094,496.19723870327476,515.0185381813577,532.898369657973,549.8838260090586,566.0196444736829,581.3483244896325,595.9102396337632,609.7437439622084,622.8852730307315,635.3694398614648,647.2291261089081,658.4955686654077,669.1984419342998,679.3659359874737,689.0248308132557,698.2005668502169,706.9173119927136,715.1980252446572,723.0645171892056,730.537507433646,737.6366791807953,744.3807310706549,750.7874264288741,756.8736400517456,762.6554026509576
200,0.384375,61.114810168450106,102.76490577125657,142.22450647138356,179.6862530437468,215.26881398069168,249.0704071645095,281.1810638362878,311.68557410627227,340.6643210875021,368.19363022790304,394.3460012451974,419.19030594655374,442.79197109471113,465.2131510002794,486.5128912368633,506.7472841194174,525.9696164002025,544.2305095798492,561.5780532038181,578.0579314946634,593.7135436527917,608.5861181419173,622.7148212596741,636.1368602789169,648.8875814310453,661.0005629891434,672.5077036958907,683.43930676897,693.8241597050853,703.6896100926538,713.0616376327555,721.9649225579473,730.4229106290609,738.457874881132,746.0909742810214,753.3423094511812,760.2309756062983,766.7751128421977,772.9919539094368,778.897869597383
201,0.38359375,62.289436456289984,104.73969949881902,144.95717468974942,183.13824184305244,219.40387661055752,253.85420476809375,286.58100400850975,317.6707072831915,347.20525371867853,375.2624451536599,401.91618286918674,427.2366694528381,451.29059536006025,474.1413149621923,495.84901351708675,516.4708657231183,536.0611863251349,554.6715731812831,572.3510431708307,589.146161302115,605.1011633611848,620.2580724245548,634.6568095431784,648.3352988893516,661.3295676436405,673.673840885022,685.400631734259,696.5408269879991,707.1237684692039,717.1773303082111,726.7279923580196,735.8009099371856,744.4199800840444,752.6079044967848,760.3862493251596,767.7755019713285,774.7951250494517,781.4636076461561,787.7985140168983,793.8165298464822
202,0.3828125,63.36953751219767,106.55621659248057,147.47157446177675,186.3153618741212,223.21062736828583,258.2592138718862,291.55447530532075,323.18433086336256,353.2321299856433,381.77701461800655,408.8941597326094,434.6549784660538,459.1273117470147,482.3756072674015,504.4610892463022,525.4419196514368,545.3733513497295,564.3078735994978,582.2953502684454,599.3831511409674,615.6162766598537,631.0374764303648,645.6873617982918,659.6045127981298,672.8255797527536,685.3853797919346,697.3169885437247,708.651827240039,719.4197454657325,729.6490997689958,739.3668283400356,748.5985219546469,757.3684913694619,765.6998313463315,773.6144814744139,781.1332839501299,788.2760384671234,795.0615543607705,801.5077001445479,807.631450568702
203,0.38203125000000004,64.35046448530204,108.20533139107879,149.75353788082444,189.19796018286758,226.66357581379623,262.25382278562074,296.063514970408,328.1819447662618,358.693762138134,387.67934293165024,415.2150334223265,441.3733588490577,466.2232161410447,489.8300557853083,512.2560543176912,533.5602781196643,553.7988390047562,573.0250420169142,591.2895258333787,608.640396142996,625.1233523517496,640.7818079495759,655.6570048556978,669.7881220438135,683.2123787333784,695.965132418858,708.0799719952337,719.588806225096,730.521947780387,740.9081930801776,750.7748981347971,760.1480505961026,769.0523382036683,777.5112138071988,785.5469571364295,793.1807334812205,800.4326494364047,807.3218058582214,813.8663481718175,820.0835141623206
204,0.38125000000000003,65.23357058502297,109.69057290568077,151.80943115769145,191.79577454435596,229.7762730156863,265.85576664908444,300.13035648627874,332.69054875548136,363.6221453458924,393.00661676484975,420.92134976023567,447.4398585123456,472.631979853901,496.56405751665744,519.2991168975146,540.8970310290864,561.4146782406627,580.9060919345173,599.4226028732743,617.0129743526978,633.7235306152711,649.5982788422716,664.6790250451999,679.0054841614532,692.615384643957,705.544567819991,717.8270822807369,729.4952735500037,740.5798692681835,751.1100601156955,761.1135766889752,770.6167625314175,779.6446435115588,788.2209937311812,796.3683981368819,804.1083119999806,811.4611174213856,818.4461770102189,825.0818848775516,831.3857150795319
205,0.38046875,66.01475050240555,111.00384143417683,153.62662071407834,194.0912101853544,232.5258187013766,269.0365587805736,303.7206959151617,336.6698314326205,367.97080424111897,397.7060686493941,425.953945227242,452.7888347226539,478.2814157661023,502.49883143627005,525.5048662079703,547.3601139818863,568.1221376922389,587.8456209254559,606.5825119524679,624.3821605550651,641.2914480071341,657.3549105534338,672.614856711314,687.111478704478,700.882958322409,713.9655674843541,726.3937637728098,738.200281188182,749.4162163636931,760.0711104676517,770.1930270088213,779.808625749847,788.9432329234209,797.6209079361498,805.8645067358117,813.695742008919,821.1352403671376,828.2025966731908,834.9164256493381,841.2944109043553
206,0.3796875,66.69541700316576,112.14865036187007,155.21133223004472,196.0937024878095,234.92527153402693,271.813230221924,306.8558342196614,340.1456187878827,371.77030926816536,401.8132024365629,430.35341970164137,457.4661230480171,483.2227146451575,507.6910252334942,530.9354928152084,553.0173323506516,573.9946969576666,593.9228310485919,612.8542158097533,630.8387074063534,647.9236682762124,664.1540918577215,679.5727210801314,694.2201609279493,708.1349853756967,721.3538389744647,733.9115333576812,745.8411389201426,757.1740719116609,767.9401771746351,778.1678067433849,787.8838945122039,797.114027168733,805.8825115794461,814.212438804676,822.1257449117612,829.6432687464479,836.7848068146825,843.56916541932,850.0142101890464
207,0.37890625,67.27203363085697,113.11797588305548,156.5525443458372,197.78782333696142,236.95446259634335,274.1605949298467,309.5053377757164,343.08203663814885,374.97918397777306,405.28080420819595,434.0667093211301,461.4127168683063,487.39085142420504,512.069534699762,535.5137658562626,557.7852927320553,578.9427744874231,599.0419361087818,618.1357151823897,636.2744013251681,653.5057686402671,669.8752015465126,685.4258143133061,700.1985646159352,714.2323614104859,727.5641674125467,740.2290964496787,752.2605059441079,763.6900847692582,774.547936711552,784.8626597573267,794.6614214137168,803.9700302618894,812.813003931113,821.2136336726937,829.1940457038658,836.77525948321,843.9772430710924,850.8189657209334,857.3184478398313
208,0.37812500000000004,67.74606399732421,113.91529409608916,157.65630382739602,199.1826475493814,238.6258776350586,276.09487484620416,311.68944369852653,345.5035779744341,377.626385611968,408.1424761035652,437.1322177086747,464.67195681760006,490.83422071843347,515.68790896121,539.2984748716801,561.7280979273473,583.0358475012986,603.2778384157667,622.5073787168162,640.7751100592536,658.1291410710596,674.6151740482338,690.2766253134075,705.1547395549708,719.2886984476639,732.7157238405492,745.4711757840101,757.5886456538514,769.1000446176823,780.0356876765072,790.4243735028136,800.2934602853812,809.6689377805225,818.5754957594897,827.0365890322892,835.0744992191313,842.7103934321881,849.9643800221904,856.8555615366698,863.4020850293088
209,0.37734375000000003,68.11456230206002,114.53470039576986,158.51326948386318,200.26500878824186,239.92220343624882,277.5943398464569,313.3817763111562,347.3790270051729,379.67569235613837,410.35684884407067,439.5033078151234,467.19183618434414,493.4953604147662,518.4831590069763,542.2210450672877,564.7715396757583,586.1940365655049,606.5449585598622,625.8779061825951,644.2437988335479,661.6910089019045,678.2654891705278,694.0108938470663,708.9686935407076,723.1782844874917,736.6770923119188,749.5006705981947,761.6827945307693,773.2555498508283,784.2494173630574,794.6933532152761,804.6148651623956,814.0400850155754,822.9938374674118,831.4997054744318,839.5800923691069,847.2562808649836,854.5484891103396,861.4759239380046,868.0568314515973
210,0.3765625,68.37903397938622,114.97961216220594,159.12927188673885,201.04356535547885,240.85527585144143,278.6743027588302,314.6013841128578,348.73139271475947,381.1542697189599,411.95541568861586,441.21595023700826,469.0129334592398,495.419570607176,520.5054052518165,544.3365025009624,566.9756229921139,588.482388171276,608.9134373040392,628.3225766343778,646.7609210840634,664.2770288655512,680.9170293626004,696.7247446151601,711.7418047282865,726.0077575088892,739.5601726189293,752.4347405192784,764.6653664647523,776.2842597978007,787.3220187759742,797.8077111565394,807.7689507504341,817.2319701471537,826.2216898020837,834.7617836682014,842.8747415449942,850.5819283087772,857.9036401803986,864.85915817851,871.4667988991723
211,0.37578125,68.53714204657255,115.24528039455235,159.49670760560562,201.50749386703868,241.41074411180008,279.31662335097417,315.3261119886362,349.5343101589124,382.0313738399951,412.9029070535154,442.2302222712413,470.09056247797355,496.5573064094016,521.7001622307681,545.5853512337285,568.2757822768019,589.8312174838258,610.3084296495866,629.7613517703062,648.2412190937222,665.7967040631906,682.4740445114276,698.3171654416253,713.3677947167794,727.665572961991,741.2481579692557,754.1513238797584,766.4090554049318,778.0536373344637,789.1157395670094,799.6244978875932,809.6075907044498,819.0913119474282,828.1006403199707,836.6593050870578,844.7898485724069,852.5136855295256,859.8511595429982,866.821596608554,873.4433560330386
212,0.375,68.59042447891069,115.33504268537972,159.62115507010458,201.66498272890345,241.59972120167694,279.53561092878823,315.5737023814529,349.8091624573529,382.3322110101617,413.228513150877,442.5794397172165,470.4622894079661,496.95049410404164,522.1138126381658,546.018514586832,568.7275548073371,590.3007392325657,610.7948823715606,630.2639569328223,648.7592359646003,666.3294278863011,683.0208047664554,698.8773241848854,713.9407449998762,728.2507373251294,741.844987006049,754.7592948704394,767.0276710149599,778.6824243755966,789.7542478180178,800.2722989718816,810.2642770219603,819.756495658298,828.7739523775208,837.3403943177876,845.4783808007724,853.2093427453684,860.5536391095922,867.5306105093263,874.1586301551055
213,0.37421875000000004,68.53716751972362,115.24533491736918,159.4967954879365,201.50761823955577,241.41090727458564,279.316826992677,315.32635733190483,349.5345980617326,382.03170486931896,412.90328154064105,442.2306403546485,470.09102413720507,496.55781149234724,521.7007104759538,545.5859422887391,568.276415713652,589.8318928118858,610.3091463265228,629.7621092113875,648.2420166797745,665.7975411474165,682.4749204252714,698.3180794998287,713.3687462217429,727.666561207545,741.2491822439191,754.152383469556,766.4101495958283,778.0547654144641,789.1169008279676,799.6256916267678,809.6088162258344,819.0925685628885,828.1019273502069,836.6606218624173,844.7911944335627,852.5150598280385,859.8525616417727,866.8230258822057,873.4448118681795
214,0.37343750000000003,68.37893220315097,114.97939431819528,159.12892075402235,201.04306842479323,240.85462393247687,278.67348910460476,314.6004038386234,348.7302423930793,381.15294708548663,411.9539194207817,441.2142797828403,469.01108890194666,495.4175525561002,520.5032147533447,544.3341409648903,566.9730921302024,588.4796899455827,608.9105738831879,628.3195503563516,646.7577344244118,664.2736844101262,680.9135297841111,696.721092652969,711.7380031709689,726.0038091791663,739.5560803606415,752.4305071861278,764.6609949105756,776.2797528681764,787.3173793009962,797.8029419446046,807.7640545829262,817.226949773907,826.2165479375369,834.7565229881559,842.8693646839056,850.576437857519,857.8980386844365,864.8534481364449,871.4609827616014
215,0.37265625,68.11463856445036,114.53486362803656,158.51353258897439,200.26538113890757,239.92269191853177,277.5949495158899,313.38251082814503,347.379888938384,379.676683402932,410.3579699962992,439.5045594873729,467.1932183153699,493.49687254917677,518.4848003619636,542.2228145877808,564.7734360804418,586.1960583855173,606.5471041715479,625.8801738353689,644.2461866737073,661.6935149930473,678.2681115111127,694.0136303855442,708.971542188584,723.1812431306142,736.6801588202328,749.5038428341788,761.6860703567221,773.258927135156,784.2528939856907,794.6969270723245,804.6185341701341,814.0438471138439,822.9976906225014,831.5036476815146,839.5841216542686,847.2603952869047,854.5526867616632,861.4802029464345,868.0611899807527
216,0.371875,67.74586107230863,113.91485975107777,157.6556037266898,199.1816567515687,238.6245778161742,276.0932525538767,311.6874891933726,345.50128442270943,377.6237484989372,408.1394927922477,437.12888709852837,464.66827907453154,490.8301970573739,515.6835414684849,539.2937663581926,561.7230518060703,583.0304676842549,603.2721292268386,622.5013448175605,640.768756385512,658.1224727785982,674.6081964659984,690.2693439032387,705.1471598768318,719.2808261295992,732.7075645527116,745.4627352162138,757.5799294961791,769.0910585437525,780.0264373290622,790.4148644813373,800.283698135496,809.6589279849467,818.5652437303686,827.0261001047312,835.0637786458087,842.6994463788761,849.9532115641292,856.844176655658,863.3904886114348
217,0.37109375,67.27216021225534,113.11824681827856,156.5529810514053,197.78844136982357,236.95527338607755,274.16160686769325,309.50655693726577,343.0834672869086,374.9808289310455,405.28266511227343,434.06878686415075,461.41501094861894,487.3933612859489,512.0722590436266,535.5167029310314,557.7884404109896,578.9461303324925,599.0454974250268,618.1394790641715,636.2783646956918,653.5099282854727,669.8795541442202,685.4303564583325,700.2032928417751,714.2372722080456,727.5692572463385,740.2343617718203,752.2659432064178,763.6956904336928,774.553707259195,784.8685916961166,794.6675112850612,803.9762746463103,812.8193994530352,821.220177004479,829.2007335691867,836.7820886598389,843.9842103931738,850.8260680808062,857.3256821894455
218,0.37031250000000004,66.69511418040344,112.14800219358618,155.2102874774406,196.09222393107976,234.92333182851098,271.81080929278943,306.8529175329291,340.1421961456294,371.76637393310114,401.808750473553,430.34844946836273,457.46063479205554,483.21671017954816,507.6845076716457,530.9284663518084,553.0098020788527,573.9866687153466,593.914311288243,612.8452114877769,630.8292258884621,647.91371725631,664.1436792881459,679.5618551115373,694.20884985742,708.1232376019104,721.3416629589378,733.8989375912706,745.8281318941044,757.1606620926822,767.9263729833256,778.153616535801,787.8693265640229,797.0990896617622,805.8672125901752,814.1967862946336,822.1097467194578,829.6269325807162,836.768140249252,843.5521758884765,849.9969049842484
219,0.36953125000000003,66.01492662231608,111.00421840176435,153.62722832734784,194.0920700895582,232.52694679912398,269.037966747065,303.7223922037058,336.6718219752748,367.97309295775665,397.7086578305984,425.9568358304638,452.79202660646774,478.2849078788454,502.5026219701484,525.5089527264292,547.3644935258862,568.1268068696237,587.8505759865894,606.5877488545846,624.3876750172603,641.2972355575184,657.3609665696844,672.6211764556207,687.1180573537091,700.8897909941771,713.9726492595476,726.4010897150711,738.2078463607364,749.4240158438715,760.0791393593969,770.2012804534393,779.8170989352112,788.9519210918261,797.6298063909735,805.873610847129,813.705047218196,821.144742191111,828.2122907070316,834.9263075691838,841.3044764692851
220,0.36875,65.23316973142646,109.68971491008101,151.80804819406106,191.7938173439419,229.77370538170084,265.85256200798693,300.12649559909084,332.68601812296794,363.6169360497447,393.0007235960411,420.9147705447914,447.43259357801077,472.624031600645,496.5554300657868,519.2898158016528,540.8870630301759,561.4040510664594,580.8948141263558,599.4106836395263,617.0004234435507,633.7103582153464,649.5844954782863,664.6646415063872,678.9905114308766,692.5998338391628,705.5284501417065,717.8104089685255,729.4780558439581,740.5621183758718,751.0917871836917,761.094792778401,770.5974785969953,779.6248703837504,788.2007421010369,796.3476785432739,804.0871348189379,811.4394928572801,818.4241150885811,825.0593954393253,831.3628077765974
221,0.36796875,64.35068905777932,108.20581206664447,149.75431265521465,189.19905665615664,226.6650142635559,262.25561809901217,296.0656779263282,328.184482928738,358.69668050544055,387.6826444245399,415.21871926166443,441.3774288545233,466.2276689716671,489.8348891359678,512.2612650815307,533.5658625236019,553.8047927234401,573.0313602691662,591.2962034642494,608.6474276938822,625.1307321205213,640.7895300422836,655.6650632311325,669.7965105519718,683.2210911486975,695.9741624689473,708.0893133857116,719.5984526610482,730.5318929848823,740.9184308102185,750.7854221950265,760.158854850541,769.0634165857279,777.522560328178,785.5585658926719,793.1925986600997,800.4447653212723,807.3341668324395,813.8789487219883,820.0963488808052
222,0.3671875,63.369041099036885,106.5551540590961,147.46986181303794,186.31293809605026,223.20744763510535,258.2552452751615,291.5496940196752,323.1787201714681,353.2256788431536,381.76971657411974,408.88601209510745,434.64598164082867,459.11746870618487,482.3649231147763,504.4495708582221,525.4295753770859,545.3601907591154,564.2939072701572,582.2805896039686,599.367608215923,615.5999640868108,631.0204072455393,645.6695493629968,659.5859707137156,672.8063217871116,685.3654198159651,697.2963404764218,708.630505001051,719.3977629344273,729.6264707492061,739.3435665297689,748.5746409201447,757.3440045230819,765.6747519277837,773.5888225349506,781.1070583393389,788.2492588220113,795.034233096867,801.4798494487915,807.6030823938958
223,0.36640625000000004,62.289708096630264,104.74028091850667,144.95811184794502,183.13956812444886,219.40561654263945,253.85637635817557,286.58362029460574,317.6737774146544,347.2087837413637,375.2664386004834,401.9206412169073,427.2415924833606,451.2959814513857,474.1471613261031,495.8553163955951,516.4776205523823,536.0683878732947,554.6792156651184,572.3591203550128,589.1546665840193,605.1100898436196,620.2674129783057,634.6665568609071,648.3454455321223,661.3401060811208,673.6847635302356,685.4119309736282,696.5524952072998,707.135798075963,717.1897137509993,726.7407221430307,735.8139786424341,744.433380371478,752.6216291225604,760.4002911483005,767.7898539609662,774.8097802908081,781.478559345424,787.8137555051457,793.8320545827004
224,0.36562500000000003,61.114221256123145,102.76364525059165,142.22247469594876,179.68337763046603,215.2650417511289,249.06569907820136,281.1753916283328,311.67891794430693,340.65666786923026,368.18497230052,394.3363354148463,419.1796326947814,442.7802939474752,465.2004760124419,486.49922656610664,506.7326396707133,525.9540035268311,544.2139408303594,561.5605421067365,578.0394923745234,593.6941914723744,608.5658683665911,622.6936897404813,636.1148631516627,648.8647350291079,660.9768837681023,672.4832081683786,683.4140114483943,693.7980810570648,703.662764493195,713.0340413323194,721.9365916506725,730.393861026527,738.4281222900978,746.0605341846689,753.3111970934491,760.1992059789291,766.7427006741873,772.9589136585925,778.8642154437463
225,0.36484375,59.84469037182661,100.62899110925513,139.26819607836435,175.95096325614406,210.7935102372205,243.8920256427942,275.33467934679027,305.2045074275032,333.5802293689837,360.5365903959088,386.14458876913915,410.4716696245677,433.5819041365487,455.53615859887464,476.39225479745755,496.20512230603435,515.0269431526641,532.9072892482459,549.8932529410605,566.0295710415039,581.3587426435719,595.921141053324,609.7551201190038,622.8971152427849,635.3817393401291,647.2418739994241,658.5087560819679,669.2120599903404,679.3799758218133,689.0392836126134,698.2154238685614,706.9325645678327,715.2136648122954,723.0805352950557,730.5538957434559,737.653429488817,744.3978353066268,750.8048766637185,756.8914285021252,762.673521682832
226,0.41640625000000003,-33.51483108674564,-56.35535832594938,-77.99460704429494,-98.53822180232874,-118.05128125452106,-136.58764896155105,-154.19669887793836,-170.92493066639815,-186.81642714137286,-201.9130458466788,-216.25454625154794,-229.8786982373906,-242.82138238390448,-255.11668462092805,-266.7969860120421,-277.8930480210452,-288.43409351048564,-298.4478836902234,-307.9607912190881,-316.9978696517626,-325.58291941338734,-333.7385504752488,-341.48624189635115,-348.8463983874639,-355.8384040464362,-362.48067340617126,-368.7906999295915,-374.78510207922926,-380.47966708270724,-385.8893925093129,-391.02852576712166,-395.91060162464896,-400.5484778558268,-404.95436910214596,-409.1398790411335,-413.11603094585877,-416.8932967159429,-420.48162445651354,-423.8904646777287,-427.12879518386006
227,0.415625,-31.13882306294565,-52.359776428403926,-72.46449368671774,-91.55116392449709,-109.68027550545904,-126.90189042315494,-143.26189521186762,-158.80350301924656,-173.5676794104775,-187.5933208834536,-200.91737340410052,-213.57493345646412,-225.59934140629974,-237.02226958404137,-247.87380581242948,-258.18253271394735,-267.97560303561846,-277.27881119789356,-286.11666125929344,-294.51243147750887,-302.4882356381397,-310.065081313379,-317.26292520470065,-324.100725715781,-330.59649289447066,-336.7673358756523,-342.6295079501597,-348.1984493786449,-353.48882806330886,-358.5145781847324,-363.2889369056725,-367.8244792385736,-372.13315116870154,-376.22630112018714,-380.1147098479161,-383.80861883402315,-387.3177572638209,-390.6513676522426,-393.8182301883152,-396.826685861807
228,0.3640625,58.48261191681223,98.3385643971542,136.0982387292646,171.94600939195314,205.99545530308328,238.3405800251415,269.0675494489842,298.257511546135,325.9873952600721,352.33024524087324,377.35544409877605,401.12890192395827,423.71323143929936,445.1679132826433,465.5494527666618,484.9115287367337,503.30513496677617,520.7787144769903,537.3782871304165,553.1475708454753,568.1280967442518,582.3593185401573,595.8787164532955,608.7218959274072,620.9226814085362,632.5132054325037,643.5239932559248,653.9840432537275,663.920903294977,673.3607432982061,682.3284241573812,690.8475632200687,698.9405964902799,706.6288377198397,713.9325345439282,720.8709218086614,727.4622722311678,733.7239445256006,739.6724291218491,745.3233915973576
229,0.0,-38.10685145224023,-64.07683994151184,-88.68094656373957,-112.0392932990874,-134.2258773254233,-155.3019436299898,-175.32363214807876,-194.34381449167424,-212.41261412678213,-229.57762423761676,-245.88405237619835,-261.3748438318563,-276.0907956716373,-290.0706643712004,-303.3512679081218,-315.96758271748837,-327.95283579353145,-339.33859218544256,-350.1548381184711,-360.43005995891906,-370.1913192306446,-379.4643238802824,-388.273495978627,-396.6420360362804,-404.59198410278253,-412.14427781002547,-419.3188075127134,-426.1344686710144,-432.6092116132981,-438.7600888099672,-444.60329978284295,-450.15423376834605,-455.42751024680945,-460.43701744463164,-465.19594891066487,-469.71683826313904,-474.0115921986281,-478.09152184997816,-481.96737257577587,-485.6493522598017
230,0.41718750000000004,-35.83784519344471,-60.26121026400569,-83.39991595747348,-105.3669630980735,-126.23196420740106,-146.0525330414552,-164.88147845197386,-182.76853293076624,-199.76084254664627,-215.90317231858614,-231.23804258304597,-245.805845253312,-259.6449512427945,-272.7918118179044,-285.2810547131399,-297.14557539273784,-308.4166237313653,-319.1238863511266,-329.2955648350177,-338.9584500244595,-348.1379925976739,-356.8583701155094,-365.14255071188137,-373.0123535970027,-380.48850653308625,-387.590700434172,-394.3376412340896,-400.74709915933346,-406.83595553676787,-412.6202472595506,-418.1152090284825,-423.33531348011246,-428.29430930735475,-433.0052574730639,-437.48056561200207,-441.73202071183243,-445.7708201592529,-449.60760123306216,-453.2524691218612,-456.7150235402021
231,0.0,-40.315915089662845,-67.79111369614141,-93.82115000729053,-118.53313989737875,-142.0053908616136,-164.3027132105482,-185.48451252930795,-205.60673403656972,-224.72241363363509,-242.88190886937363,-260.13305229880643,-276.5212822349196,-292.08976356936876,-306.879501770391,-320.92945099276795,-334.27661673103484,-346.9561533216508,-359.00145656049153,-370.44425168290354,-381.3146769396019,-391.6413629895433,-401.4515083195367,-410.77095088975955,-419.6242361942779,-428.03468191612205,-436.0244393474575,-443.61455173680633,-450.825009717149,-457.6748039610175,-464.1819752013644,-470.36366175003525,-476.2361446390619,-481.8148905037397,-487.1145923204632,-492.14920810667127,-496.9319976848526,-501.4755576074719,-505.79185433482746,-509.89225575324025,-513.7875611166083
232,0.45234375000000004,-50.36698595565996,-84.69204554304781,-117.21165899936095,-148.08462373991352,-177.4087640324915,-205.26504403036338,-231.72767701329647,-256.8665540739207,-280.74793228714645,-303.43472308438146,-324.98668372752815,-345.4605805748008,-364.9103399625306,-383.38719057892615,-400.9397984930282,-417.6143953744368,-433.4549002836281,-448.50303536417147,-462.79843574464655,-476.37875394097074,-489.27975903481337,-501.5354308897489,-513.1780496536365,-524.238280783235,-534.7452558151659,-544.7266490961348,-554.2087506746211,-563.2165355461235,-571.7737294344165,-579.9028712821467,-587.6253726154024,-594.9615739386577,-601.9307983086716,-608.5514022284557,-614.8408239954031,-620.8156296309231,-626.491556512573,-631.8835548236292,-637.0058269292651,-641.8718647830716
233,0.45156250000000003,-52.15698859373072,-87.70235466537616,-121.37832926372967,-153.34930873174588,-183.71656204603647,-212.56390661028695,-239.96817412359022,-266.001724054394,-290.7331553250696,-314.22760431854044,-336.5469427334341,-357.74994634841494,-377.89245104056386,-397.0275000464733,-415.2054836549221,-432.4742718755037,-448.8793404696093,-464.4638906820361,-479.2689629885259,-493.3335451577491,-506.6946749113329,-519.3875374514522,-531.4455581121946,-542.9004903782306,-553.7824995021817,-564.120241940608,-573.9409408175695,-583.2704576143061,-592.1333602736785,-600.5529878986039,-608.5515122147668,-616.149995959384,-623.3684483497352,-630.2258777774633,-636.7403418673902,-642.9289950326241,-648.808133651173,-654.3932389830106,-659.6990179405924,-664.7394418201792
234,0.45078125,-53.864714525839624,-90.57348923287755,-125.35144599260087,-158.36840816776478,-189.72899221814387,-219.5197839506355,-247.82014968786942,-274.7048335526879,-300.24469338921654,-324.50700913815274,-347.55568759044183,-369.45143697876597,-390.2519283282263,-410.0119477103305,-428.7835406436524,-446.6161492135135,-463.55674231659555,-479.64993938459725,-494.9381279159724,-509.46157512654275,-523.2585340137263,-536.3653441141481,-548.8165272203308,-560.6448783088263,-571.8815519194407,-582.5561442132204,-592.6967709254416,-602.3301414190063,-611.4816290333673,-620.1753379143308,-628.4341665007996,-636.2798678357113,-643.7331068600605,-650.8135148409208,-657.5397410768586,-663.9295020169294,-669.9996279226445,-675.7661071958299,-681.2441284891228,-686.4481207100456
235,0.45,-55.491199733984416,-93.30882423096281,-129.1375400089176,-163.15225599090707,-195.46071722869308,-226.1521009860414,-255.30815185994942,-283.0058560511205,-309.31819861770185,-334.31448058073966,-358.06052946071543,-380.61887885411795,-402.04893444305253,-422.4071306835229,-441.74707943849637,-460.11971113574714,-477.5734088621352,-494.1541357546002,-509.90555602360195,-524.8691499268194,-539.0843229949726,-552.588509796636,-565.4172725147214,-577.604394593795,-589.181969704468,-600.1804862588855,-610.6289076996588,-620.5547487735082,-629.9841479903381,-638.9419364584602,-647.4517032771394,-655.5358576586051,-663.2156879430697,-670.5114176621059,-677.4422587980036,-684.026462379316,-690.2813665458166,-696.2234422094268,-701.868336431337,-707.2309136295419
236,0.44921875,-57.03034921319513,-95.89651722807449,-132.7183996111953,-167.67579865548845,-200.8794780176817,-232.42111132822612,-262.3847286330497,-290.84946626303145,-317.8903459695265,-343.57860139949076,-367.98189486646146,-391.1645021913032,-413.18748352698714,-434.10884455410985,-453.9836893629787,-472.86436562786173,-490.8006025028934,-507.83964161437393,-524.0263614977074,-539.4033958079366,-554.0112456158643,-567.8883860859187,-581.0713678170292,-593.5949131136732,-605.4920074408058,-616.793986303699,-627.5306177816201,-637.7301809328202,-647.4195402773989,-656.6242165542888,-665.3684539387534,-673.6752838974835,-681.5665858495064,-689.0631447926945,-696.1847060476839,-702.9500272633982,-709.3769278211622,-715.4823357675523,-721.28233239959,-726.7921946197274
237,0.44843750000000004,-58.483289169441804,-98.34001385256892,-136.10057485177256,-171.9493152987739,-205.99979203663452,-238.34599238192655,-269.0740698471303,-298.2651627198683,-325.9961922170913,-352.34019673429924,-377.3665537654353,-401.1411691845478,-423.7266522231247,-445.18248061952715,-465.5651572760731,-484.9283590358117,-503.323078013363,-520.7977558598858,-537.3984113162775,-553.1687613897317,-568.1503364719425,-582.3825897013966,-595.9030008572172,-608.7471750577611,-620.9489365235379,-632.540417651133,-643.5521436325048,-654.0131128423363,-663.9508732050127,-673.3915947422371,-682.3601384922492,-690.8801219820765,-698.9739814251951,-706.6630308083352,-713.9675180230165,-720.9066781895967,-727.4987843142343,-733.7611954121642,-739.7104022239863,-745.3620706453626
238,0.44765625000000003,-59.84437282759449,-100.62831129196934,-139.26710013816248,-175.94941204858216,-210.79147498235028,-243.88948519526215,-275.3316183835646,-305.2009151845641,-333.57609872297724,-360.5319171730633,-386.1393712104449,-410.4659079625068,-433.5756002540808,-455.52931575067157,-476.38487737940096,-496.19721566277735,-515.0185134157213,-532.8983431988977,-549.883797893658,-566.0196147436897,-581.3482931906906,-595.9102068147811,-609.7437096747676,-622.8852373285619,-635.369402799965,-647.2290877447151,-658.4955290560122,-669.198401137701,-679.3658940618682,-689.0247878167654,-698.200522840648,-706.9172670273364,-715.1979793800232,-723.0644704809789,-730.5374599364616,-737.6366309481363,-744.3806821547456,-750.7873768805939,-756.8735899205524,-762.6553519848288
239,0.446875,-61.114809674155815,-102.76490457412511,-142.2245043688379,-179.68624986219388,-215.2688095730671,-249.0704014079776,-281.18105663002655,-311.6855653694124,-340.66431075717935,-368.19361825744664,-394.3459876024501,-419.1902906123108,-442.79195406130094,-465.213132270229,-486.51287082169836,-506.747262038556,-525.9695926799391,-544.2304842524335,-561.5780263066209,-578.0579030694045,-593.7135137448519,-608.5860867997135,-622.7147885340868,-636.1368262227832,-648.8875460986972,-661.0005264359941,-672.5076659780648,-683.4392679429737,-693.8241198275088,-703.6895692199125,-713.0615958208607,-721.9648798622981,-730.4228671042717,-738.457830580874,-746.0909292578897,-753.3422637565819,-760.2309292903493,-766.7750659536497,-772.9919064956038,-778.8978217040899
240,0.44609375,-62.28943597807425,-104.7396983416269,-144.95717265881535,-183.13823877191592,-219.4038723586338,-253.85419921840034,-286.58099706547887,-317.67069887063707,-347.2052437778771,-375.26243364156824,-401.91616975678994,-427.2366547236164,-451.29057900859794,-474.14129699286997,-495.84899394290744,-516.4708445646266,-536.0611636094258,-554.6715489411039,-572.3510174437703,-589.1461341298518,-605.1011347888215,-620.2580425000119,-634.6567783166412,-648.3352664127799,-661.3295339703247,-673.6738060691856,-685.4005958307032,-696.5407900517866,-707.1237305553761,-717.1772914715414,-726.7279526527946,-735.8008694170101,-744.4199388016779,-752.6078625039924,-760.3862066725886,-767.7754587084048,-774.7950812242865,-781.463563305475,-787.7984692059783,-793.8164846091057
241,0.4453125,-63.36953704950272,-106.55621547381497,-147.47157249988078,-186.31535890937533,-223.21062326630755,-258.2592085212829,-291.55446861552974,-323.1843227626459,-353.2321204191975,-381.7770035462082,-408.89414712939146,-434.65496431740115,-459.127296049599,-482.37559002730103,-504.461070477854,-525.4418993761799,-545.3733295954386,-564.307850399308,-582.2953256600643,-599.3831251659434,-615.6162493629316,-631.0374478588989,-645.68733200171,-659.6044818274628,-672.8255476602051,-685.3853466305007,-697.3169543668528,-708.651792101326,-719.4197094186544,-729.6490628666727,-739.3667906350254,-748.5984834987606,-757.3684522136095,-765.6997915403829,-773.6144410670844,-781.1332429888826,-788.275996998086,-795.0615124286699,-801.5076577926542,-807.6314078387874
242,0.44453125000000004,-64.35046403759043,-108.20533030958713,-149.75353598551806,-189.19795732070503,-226.66357185635286,-262.2538176268671,-296.0635085245773,-328.1819369658726,-358.69375293212755,-387.6793322836648,-415.21502130910056,-441.3733452589537,-466.22320107271054,-489.8300392464227,-512.2560363238418,-533.5602586933152,-553.798818174305,-573.0250198158396,-591.289502299474,-608.6403713176588,-625.1233262793562,-640.7817806769134,-655.6569764314467,-669.7880925180925,-683.212348157332,-695.9651008442896,-708.0799394742801,-719.5887728099375,-730.5219135229898,-740.9081580320717,-750.7748623468797,-760.1480141184641,-769.0523010854478,-777.5111760964537,-785.5469188800297,-793.1806947247579,-800.4326102241176,-807.3217662329358,-813.8663081748955,-820.0834738336276
243,0.44375000000000003,-65.23357015177541,-109.6905718600506,-151.8094293265868,-191.79577178104532,-229.77626919744773,-265.8557616750108,-300.13035027517157,-332.6905412439016,-363.62213648632536,-393.0066065240071,-420.92133811748687,-447.4398454582678,-472.63196538896733,-496.56404165000856,-519.2990996458612,-540.8970124157012,-561.4146582944602,-580.906070689224,-599.4225803666833,-617.012950625979,-633.7235057123646,-649.5982528093386,-664.6789979301223,-679.005456013395,-692.6153555129675,-705.5445377566524,-717.8270513358524,-729.4952417743214,-740.5798367121505,-751.1100268292463,-761.113542721347,-770.6167279309861,-779.6446083257023,-788.2209580061586,-796.368361917736,-804.108275330454,-811.4610803438526,-818.4461395656319,-825.0818471053973,-831.3856770178012
244,0.44296875,-66.01475008311995,-111.0038404231483,-153.62661894489818,-194.0912075173584,-232.5258150173206,-269.0365539844641,-303.720689930177,-336.6698241991885,-367.9707957151097,-397.70605880044906,-425.9539340372323,-452.7888221842574,-478.28140188151747,-502.4988162160127,-525.5048496698008,-547.3600961498248,-568.1221185956681,-587.8456005983129,-606.5824904325192,-624.3821378832365,-641.2914242269238,-657.3548857103799,-672.6148308525115,-687.1114518781563,-700.8829305775507,-713.9655388703554,-726.3937343391831,-738.2002509842911,-749.4161854385212,-760.0710788695985,-770.1929947855298,-779.8085929480471,-788.9431995888053,-797.6208741132579,-805.8644724679409,-813.6957073380487,-821.1352053338659,-828.2025613166879,-834.9163900073086,-841.294375013012
245,0.4421875,-66.69541659735975,-112.14864938422542,-155.21133052057542,-196.09369991167154,-234.92526797922,-271.8132255971476,-306.85582845226287,-340.14561182196184,-371.77030106279483,-401.81319296414364,-430.3534089463886,-457.46611100456295,-483.22270131729107,-507.6910106329831,-530.9354769607494,-553.0173152669097,-573.9946786743997,-593.9228115998642,-612.8541952332303,-630.8386857426519,-647.9236455683307,-664.1540681505252,-679.5726964198872,-694.220135361918,-708.1349589517654,-721.353811740822,-733.9115053625336,-745.8411102114605,-757.1740425369579,-767.9401471807769,-778.167776176425,-787.8838634172369,-797.1139955897787,-805.8824795593417,-814.2124063849948,-822.1257121327425,-829.6432356469408,-836.7847734321049,-843.5691317896261,-850.0141763467049
246,0.44140625,-67.27203323806525,-113.11797493762711,-156.55254269396855,-197.787820849405,-236.95445916613517,-274.16059047018757,-309.50533221794706,-343.0820299298806,-374.9791760811356,-405.2807950982191,-434.0666989842566,-461.4127053010197,-487.39083863179525,-512.069520695171,-535.513750659059,-557.7852763674957,-578.942756985599,-599.0419175038528,-618.1356955118993,-636.2743806294118,-653.5057469617412,-669.8751789294165,-685.425790803092,-700.1985402589163,-714.2323362534833,-727.5641415025773,-740.229069833684,-752.2604786687128,-763.6900568805601,-774.5479082549402,-784.8626307773281,-794.6613919538576,-803.9700003645871,-812.8129736375773,-821.2136030228507,-829.1940147362956,-836.7752282350956,-843.9772115781847,-850.818934017523,-857.3184159587322
247,0.44062500000000004,-67.74606361709945,-113.91529318174798,-157.65630223107704,-199.18264514720633,-238.62587432488493,-276.09487054553205,-311.68943834250024,-345.503571513999,-377.6263780121453,-408.1424673418599,-437.1322077736146,-464.671945707389,-490.8342084397416,-515.6878955280438,-539.2984603043801,-561.728082251671,-583.0358307475896,-603.2778206182081,-622.5073599127651,-640.7750902886288,-658.1291203758071,-674.6151524718458,-690.2766029004885,-705.1547163508586,-719.2886744980922,-732.7156991913482,-745.4711504808469,-757.5886197420003,-769.1000181418242,-780.0356606805605,-790.4243460297865,-800.2934323772445,-809.6689094781078,-818.5754671023985,-827.036560058823,-835.0744699662362,-842.7103639354093,-849.9643503156422,-856.8555316530116,-863.4020549997335
248,0.43984375000000003,-68.11456193397113,-114.53469951143374,-158.51326794113865,-200.26500646841313,-239.92220024180375,-277.59433569901887,-313.38177114951174,-347.3790207834548,-379.6756850421268,-410.35684041762704,-439.5032982667548,-467.19182551388207,-493.4953486301806,-518.4831461232699,-542.2210311055152,-564.771524662132,-586.1940205305848,-606.5449415378282,-625.8778882106018,-644.2437799511293,-661.690989150457,-678.2654685928443,-694.010872486919,-708.9686714424827,-723.1782616958642,-736.6770688715675,-749.5006465535532,-761.6827699258075,-773.2555247288623,-784.2493917665895,-794.6933271858564,-804.6148387405027,-814.0400582405222,-822.9938103772611,-831.4996781059339,-839.5800647576492,-847.2562530445512,-854.5484611134891,-861.4758957958459,-868.0568031937862
249,0.4390625,-68.37903362301772,-114.97961130682747,-159.12927039570783,-201.04356311503287,-240.8552727685014,-278.6742987589577,-314.6013791383084,-348.7313867226919,-381.15426267976335,-411.95540758436886,-441.21594106006916,-469.0129232109499,-495.41955929669746,-520.5053928950501,-544.336489119589,-566.9756086127213,-588.4823728245693,-608.9134210241332,-628.322559458169,-646.7609030506542,-664.277010015748,-680.917009738464,-696.7247242596029,-711.7417836847219,-726.0077358209189,-739.5601503300699,-752.4347176727254,-764.6653431031707,-776.2842359631455,-787.3219945093401,-797.80768649803,-807.7689257390505,-817.2319448207086,-826.2216641971227,-834.7617578199477,-842.8747154873029,-850.5819020741011,-857.9036137997682,-864.8591316815179,-871.4667723139698
250,0.43828125,-68.53714170152347,-115.24527956712609,-159.49670616445286,-201.5074917031596,-241.4107411363727,-279.31661949333653,-315.3261071943651,-349.5343043880582,-382.03136706543495,-412.90289925943745,-442.23021345175925,-470.0905526358553,-496.5572955549296,-521.7001503806803,-545.5853384102813,-568.2757685069183,-589.8312027983255,-610.3084140824976,-629.761335358255,-648.2412018753741,-665.7966860787651,-682.4740258022638,-698.3171460497932,-713.3677746847426,-727.6655523323069,-741.2481367843147,-754.1513021815568,-766.4090332348753,-778.0536147331953,-789.1157165742691,-799.6244745420947,-809.6075670437776,-819.0912880079578,-828.1006161367967,-836.659280693944,-844.7898240017472,-852.5136608123137,-859.8511347088121,-866.821571685544,-873.4433310479293
251,0.4375,-68.5904241447968,-115.33504188493644,-159.62115367707153,-201.66498063885075,-241.59971832985872,-279.5356072081492,-315.57369776073324,-349.8091568993475,-382.3322044900994,-413.22850565492973,-442.579431241138,-470.46227995584525,-496.9504836871849,-522.1138012740614,-546.0185022982338,-568.7275416214337,-590.3007251802303,-610.7948674866799,-630.2639412517058,-648.759219525437,-666.3294107286903,-683.0207869309875,-698.8773057127668,-713.9407259326053,-728.2507177042093,-741.8449668727374,-754.7592742655333,-767.027649978608,-778.6824029471376,-789.7542260358472,-800.272276873338,-810.2642546432281,-819.7564730343353,-828.7739295419938,-837.3403713030264,-845.4783576377359,-853.20931946362,-860.5536157372877,-867.5305870732071,-874.1586066805023
252,0.43671875000000004,-68.53716719617063,-115.24533414297271,-159.49679414133513,-201.5076162207135,-241.41090450267038,-279.3168234040918,-315.32635287841754,-349.53459270876004,-382.0316985943315,-412.9032743316963,-442.2306322090545,-470.0910150602958,-496.55780149638923,-521.7006995791317,-545.5859305142602,-568.2764030889355,-589.8318793678318,-610.3091320968598,-629.7620942320989,-648.2420009885706,-665.797524783282,-682.4749034280596,-698.3180619099004,-713.3687280796554,-727.6665425537759,-741.2491631186284,-754.1523639123798,-766.410129645702,-778.0547451094683,-789.116880205205,-799.6256707222548,-809.6087950744134,-819.0925471981594,-828.10190580447,-836.6606001666323,-844.7911726173205,-852.5150379195394,-859.8525396678199,-866.8230038682012,-873.4447898381312
253,0.43593750000000003,-68.37893188979979,-114.97939356894334,-159.12891945221844,-201.04306647461814,-240.8546212568464,-278.6734856432249,-314.6003995461453,-348.7302372374081,-381.15294104621086,-411.95391248773103,-441.2142719547724,-469.01108018534654,-495.4175429641088,-520.5032043047659,-544.3341296833158,-566.9730800432213,-588.4796770840693,-608.9105602806657,-628.3195360484381,-646.7577194483058,-664.2736688041707,-680.913513587401,-696.7210759050034,-711.7379859113532,-726.0037914473465,-739.556062195678,-752.4304886264986,-764.6609759940079,-776.279733631504,-787.3173597800402,-797.8029221740767,-807.7640345963439,-817.2269296035345,-826.216527614331,-834.7565025417315,-842.8693441425125,-850.5764172480239,-857.89801803232,-864.8534274658008,-871.4609620951485
254,0.43515625,-68.11463826095583,-114.5348629030637,-158.51353133040666,-200.26537925497993,-239.92268933575824,-277.5949461771427,-313.3825066908343,-347.37988397279094,-379.67667759066273,-410.3579633288664,-439.50455196490634,-467.19320994543773,-493.496863345737,-518.4847903443911,-542.2228037800131,-564.7734245102077,-586.1960460836431,-606.5470911713387,-625.8801601720697,-644.2461723840058,-661.6935001146517,-678.2680960823719,-694.0136144451153,-708.9715257751442,-723.1812262826066,-736.6801415756513,-749.503825230381,-761.6860524302695,-773.2589089216791,-784.2528755197789,-794.6969083874345,-804.6185152985133,-814.0438280864762,-822.9976714690588,-831.5036284303278,-839.5841023323075,-847.2603759197651,-854.5526673735675,-861.4801835602344,-868.0611706179426
255,0.434375,-67.74586077833632,-113.91485904954543,-157.65560250984151,-199.1816549315305,-238.62457532290594,-276.09324933327497,-311.68748520547473,-345.501279640051,-377.6237429050299,-408.13948638018474,-437.128879869718,-464.6682710375405,-490.83018822690036,-515.6835318644069,-539.2937560047335,-561.7230407310453,-583.0304559183958,-603.272116803193,-622.5013317709673,-640.7687427521207,-658.1224585954599,-674.6081817707011,-690.2693287335844,-705.1471442705629,-719.2808101241534,-732.707548185018,-745.4627185225148,-757.5799125118787,-769.0910413032901,-780.0264198658095,-790.414846827514,-800.2836803220988,-809.658910041701,-818.5652256856854,-827.0260819856823,-835.0637604781117,-842.6994281868845,-849.9531933708375,-856.8441584827052,-863.3904704791237
256,0.43359375,-67.27215992748508,-113.11824613938404,-156.5529798748288,-197.78843961143198,-236.9552709791387,-274.1616037610023,-309.5065530933734,-343.08346268050195,-374.9808235474505,-405.2826589460828,-434.06877991798035,-461.4150032319737,-487.3933528142158,-512.0722498371443,-535.5166930142748,-557.7884298118346,-578.9461190815588,-599.045485555093,-618.1394666096666,-636.2783516922293,-653.5099147694553,-669.8795401524881,-685.4303420278524,-700.2032780093781,-714.2372570101934,-727.569241718927,-740.2343459500127,-752.2659271245008,-763.6956741249575,-774.5536907558417,-784.8685750291756,-794.6674944843301,-803.9762577403083,-812.8193824689668,-821.2201599682136,-829.2007165052469,-836.7820715913948,-843.984193342051,-850.8260510674925,-857.3256652331129
257,0.43281250000000004,-66.6951139045258,-112.14800153655295,-155.21028633973157,-196.09222223215266,-234.92332950480144,-271.8108062958612,-306.85291382772573,-340.142191708879,-371.7663687518422,-401.8087445437853,-430.3484427938254,-457.4606273831157,-483.21670205221415,-507.68449884665654,-530.9284568538375,-553.00979193579,-573.98665795766,-593.9142999484087,-612.8451995997864,-630.8292134873706,-647.9137043778547,-664.1436659684067,-679.5618413866384,-694.2088357632776,-708.1232231740097,-721.341648232147,-733.8989225996803,-745.8281166708949,-757.1606466700094,-767.9263573922342,-778.1536008061506,-787.8693107244316,-797.0990737395659,-805.8671966113963,-814.1967702839646,-822.109730700253,-829.6269165749908,-836.7681242776913,-843.5521599704476,-849.9968891378222
258,0.43203125000000003,-66.0149263550315,-111.00421776584392,-153.6272272271585,-194.09206844800977,-232.5269445556932,-269.03796385596837,-303.7223886321753,-336.6718177019859,-367.97308797137686,-397.7086521284607,-425.95682941736754,-452.7920194935875,-478.2849000827647,-502.5026135119692,-525.5089436309935,-547.3644838210771,-568.1267965857417,-587.8505651558,-606.58773751044,-624.3876631942611,-641.2972232907462,-657.3609538944733,-672.6211634072714,-687.1180439672469,-700.8897773041385,-713.9726352998038,-726.4010755186765,-738.2078319598021,-749.4240012694592,-760.079124641439,-770.2012656206707,-779.8170840151182,-788.9519061106112,-797.6297913735274,-805.8735958170203,-813.7050321976641,-821.1447272010703,-828.2122757670834,-834.9262926976297,-841.3044616831522
259,0.43125,-65.23316947244714,-109.68971429455235,-151.808047130089,-191.7938157577503,-229.77370321567864,-265.8525592188847,-300.1264921563192,-332.6860140070486,-363.61693125088226,-393.0007181128187,-420.9147643829921,-447.4325867495492,-472.62402412261974,-496.5554219596092,-519.2898070922874,-540.8870537454583,-561.4040412364889,-580.8948037829591,-599.4106728157931,-617.0004121734095,-633.7103465332095,-649.584483418734,-664.664629103892,-678.9904987195721,-692.5998208526403,-705.5284369128462,-717.8103955293544,-729.4780422255301,-740.56210460817,-751.0917732955526,-761.0947787974538,-770.5974645496152,-779.6248562950286,-788.2007279947572,-796.3476644419055,-804.0871207436329,-811.4394788278795,-818.4241011236294,-825.0593815560887,-831.3627939910883
260,0.43046875,-64.35068880682573,-108.20581147081074,-149.75431162620643,-189.19905512338374,-226.66501217220275,-262.2556154082568,-296.06567460766405,-328.1844789644475,-358.69667588718903,-387.6826391520938,-415.21871334173386,-441.3774222997133,-466.22766179955045,-489.83488136823263,-512.2612567432379,-533.565853642521,-553.8047833294575,-573.0313503937637,-591.2961931400537,-608.6474169542553,-625.1307209992168,-640.7895185731425,-655.665051447819,-669.7964984877509,-683.2210788362423,-695.9741499401779,-708.0893006716609,-719.5984397917493,-730.531879989278,-740.9184177160907,-750.7854090289421,-760.1588416378094,-769.0634033503751,-777.522547092929,-785.5585526789454,-793.1925854880097,-800.4447522096375,-807.3341537988001,-813.8789357826255,-820.0963360507687
261,0.4296875,-63.36904085584153,-106.55515348228755,-147.46986081778502,-186.31293661482127,-223.20744561576205,-258.2552426792004,-291.5496908205725,-323.178716353175,-353.2256743987132,-381.769711504406,-408.88600640768937,-434.6459753489416,-459.11746182782224,-482.36491567185556,-504.4495628758607,-525.4295668829523,-545.3601817828539,-564.2938978428808,-582.2805797578234,-599.3675979836902,-615.5999535015753,-631.0203963403976,-645.6695381708029,-659.5859592668679,-672.8063101173694,-685.3654079542972,-697.2963284528773,-708.630492844656,-719.3977506730994,-729.6264584096908,-739.3435541375894,-748.5746284995663,-757.3439920970883,-765.6747395180639,-773.5888101618982,-781.1070460220558,-788.2492465783204,-795.0342209433311,-801.4798374007357,-807.6030704654356
262,0.42890625000000004,-62.28970786093439,-104.7402803600775,-144.95811088528555,-183.13956669296758,-219.40561459276753,-253.85637385363054,-286.58361721075806,-317.673773737046,-347.2087794643458,-375.26643372597744,-401.920635753289,-427.2415864444514,-451.29597485556343,-474.1471541954858,-495.85530875533385,-516.477612430029,-536.0683792982422,-554.6792066681072,-572.3591109677091,-589.1546568386294,-605.1100797725719,-620.267402613967,-634.6665462353403,-648.3454346768824,-661.3400950270801,-673.6847523074398,-685.4119196111754,-696.5524837332437,-707.1357865172329,-717.189702133343,-726.7407104909685,-735.8139669792282,-744.4333687191141,-752.6216175017366,-760.4002795784306,-767.7898424601868,-774.8097688759935,-781.4785480322068,-787.8137443079426,-793.8320435147408
263,0.42812500000000003,-61.11422102767741,-102.76364470991919,-142.2224737647606,-179.6833762469937,-215.26503986826464,-249.06569666178365,-281.1753886555352,-311.67891440217835,-340.6566637533545,-368.1849676137977,-394.33633016639925,-419.17962689896325,-442.7802876230005,-465.2004691815881,-486.4992192540234,-506.73263190480594,-525.953995336216,-544.2139322453858,-561.560533158575,-578.0394830947957,-593.694181892845,-608.5658585188945,-622.6936796558899,-636.1148528608923,-648.8647245621498,-660.976873154089,-672.4831974354698,-683.4140006236839,-693.7980701665114,-703.662753561566,-713.0340303831522,-721.9365807062479,-730.3938501078541,-738.4281114169078,-746.0605233754202,-753.3111863653376,-760.1991953479064,-766.7426901549828,-772.9589032647406,-778.8642051876177
264,0.42734375,-59.84469015039114,-100.62899058574047,-139.26819517756974,-175.9509619190148,-210.79350841901035,-243.8920233113726,-275.33467648105324,-305.20450401593513,-333.580225408338,-360.5365858900104,-386.1445837278088,-410.47166406265154,-433.5818980730658,-455.53615205623623,-476.39224780079235,-496.2051148825885,-515.0269353312702,-532.9072810588585,-549.8932444143587,-566.0295622085313,-581.3587335354403,-595.921131700952,-609.7551105528917,-622.8971054928315,-635.3817294354711,-647.2418639683085,-658.5087459516456,-669.2120497869802,-679.3799655704364,-689.0392733370439,-698.2154135913923,-706.9325543104028,-715.2136545946784,-723.0805251360567,-730.5538856606211,-737.653419498445,-744.3978254237899,-750.8048669022866,-756.8914188747952,-762.6735122011601
265,0.4265625,-58.48261170215671,-98.338563890221,-136.09823785782459,-171.94600809955747,-205.99545354724742,-238.34057777567432,-269.0675466864206,-298.257508260319,-325.9873914488584,-352.33024090894946,-377.35543925660744,-401.1288965868351,-423.7132256265032,-445.1679070166828,-465.54944607261444,-484.91152164166067,-503.30512749920564,-520.7787066664665,-537.3782790071148,-553.1475624398539,-568.128088086766,-582.3593096610083,-595.8787073822149,-608.721886693482,-620.9226720400563,-632.5131959568416,-643.5239836994358,-653.9840336416701,-663.9208936514517,-673.360733646112,-682.3284145183862,-690.8475536145903,-698.9405869374785,-706.6288282376182,-713.932525148943,-720.8709125163391,-727.4622630557255,-733.7239354800752,-739.6724202181242,-745.3233828462021
266,0.42578125,-57.03071002258501,-95.8972896167751,-132.7196447261549,-167.67756094144113,-200.88179015076224,-232.42399731799173,-262.38820588126333,-290.8535469984369,-317.8950382905303,-343.5839100585814,-367.987821877094,-391.1710473080692,-413.1946446323933,-434.1166179746588,-453.992070130497,-472.87334769762987,-490.8101789371468,-507.84980473766205,-524.0371030291356,-539.4147069742144,-554.023117248294,-567.9008087038375,-581.0843316997583,-593.608408362654,-605.5060240333181,-616.8085141393273,-627.545646722445,-637.7457008381626,-647.4355410338252,-656.6406881014732,-665.3853862917209,-673.6926671656764,-681.5844102530632,-689.081400676276,-696.2033838921408,-702.9691176955358,-709.39642162183,-715.502223878252,-721.302605927778,-726.8128448429696
267,0.42500000000000004,-55.49043762601149,-93.30719311828787,-129.1349110484925,-163.14853562105793,-195.45583673621545,-226.14600994711387,-255.30081378758697,-282.99724536243605,-309.3082984305046,-334.3032810563485,-358.04802652226755,-380.60507317286624,-402.03383062214283,-422.3907365912752,-441.729405657429,-460.10077050292114,-477.55321608268855,-494.1327070747265,-509.8829089523789,-524.8453029985562,-539.059295565465,-552.5623218680017,-565.3899445844859,-577.5759475246615,-589.1524246118305,-600.1498644136174,-610.597230444112,-620.5220374489713,-629.9504238744664,-638.9072207114037,-647.416016895279,-655.4992214349511,-663.1781224335085,-670.4729431567861,-677.4028952972412,-683.98622957348,-690.2402837987204,-696.1815285448088,-701.8256105220624,-707.1873937892072
268,0.42421875000000003,-53.86511660088107,-90.57434996344222,-125.3528335227953,-158.37037202939803,-189.73156882845657,-219.52300006901268,-247.824024710032,-274.70938110952875,-300.2499225087117,-324.51292511948094,-347.56229268027124,-369.4587309063372,-390.25990873636636,-410.0206105076857,-428.7928802959076,-446.62615898647437,-463.5674144806826,-479.66126538797926,-494.95009853193966,-509.4741805794926,-523.2717640872514,-536.3791882440294,-548.8309745747239,-560.6599178575112,-571.8971724936923,-582.5723345575965,-592.7135197425782,-602.3474374083441,-611.4994609245946,-620.1936944962116,-628.4530366459672,-636.2992405219222,-643.7529711883413,-650.8338600509823,-657.5605565601036,-663.9507773273401,-670.0213527858033,-675.7882715162866,-681.2667223563119,-686.4711344029183
269,0.4234375,-52.156146547552396,-87.70055246835828,-121.3754245626756,-153.34519815569297,-183.71116967887377,-212.55717674358223,-239.9600664474392,-265.9922103065366,-290.7222168563464,-314.21523026186765,-336.5331285876652,-357.73469285830606,-377.87576329493595,-397.009386741563,-415.1859564856176,-432.4533450274794,-448.85703019233097,-464.4402149274459,-479.2439411036988,-493.3071976223221,-506.66702311239874,-519.3586034900289,-531.4153646364906,-542.869060439765,-553.7498564315058,-564.0864092399062,-573.9059420678572,-583.234316395286,-592.0961000946168,-600.5146321388156,-608.5120840725064,-616.1095184080981,-623.3269441007764,-630.183369248482,-636.696851155719,-642.8845438930605,-648.7627434776346,-654.3469307936036,-659.6518123656886,-664.6913590931414
270,0.42265625,-50.367426821522656,-84.69298931908428,-117.21318040884893,-148.08677709836908,-177.41158927561904,-205.26857050415032,-231.7319259894711,-256.87154050299483,-280.7536660723957,-303.4412100402799,-324.99392632127064,-345.4685785130047,-364.9190906638314,-383.3966895601949,-400.9500396886909,-417.6253714030141,-433.46660267196563,-448.51545473728436,-462.8115619873194,-476.3925763359075,-489.2942663811627,-501.5506116050784,-513.1938918618656,-524.2547723905753,-534.762384575778,-544.7444026689212,-554.2271166723546,-563.2355015779178,-571.7932831424058,-579.9230003731037,-587.6460648879323,-594.9828173065118,-601.952580820653,-608.573712085328,-614.8636495641615,-620.8389594567393,-626.5153793286926,-631.907859559458,-637.0306027168629,-641.8971009622371
271,0.421875,-48.50029548016687,-81.55320874474383,-112.86761821540075,-142.59643653972606,-170.83386215432589,-197.6578578421148,-223.1398854766693,-247.347244790982,-270.34373610278357,-292.1899380421356,-312.94339195707727,-332.65875914762296,-351.38796616857655,-369.18034193538125,-386.08274775439145,-402.1397007941959,-417.3934913643328,-431.884294320841,-445.65027489536334,-458.7276892279301,-471.1509798690495,-482.952866503164,-494.16443213284657,-504.81520495104445,-514.9332361172351,-524.5451736425435,-533.6763325785654,-542.3507616948771,-550.5913068209524,-558.4196710193878,-565.8564717489883,-572.921295168318,-579.6327477227945,-586.0085051512157,-592.0653590408416,-597.8192610536586,-603.285364940335,-608.4780664525455,-613.4110412587933,-618.0972809636114
272,0.42109375000000004,-46.559205105211774,-78.28946822811089,-108.35086905299019,-136.8901779315482,-163.9978082641359,-189.7485919232608,-214.21112286128346,-237.45000140023234,-259.52646988852945,-280.4986789548586,-300.42186428732947,-319.34849739955195,-337.3284249898892,-354.40900046376584,-370.63520868605116,-386.0497844532166,-400.69332503271085,-414.60439707325736,-427.81963816881387,-440.37385334357106,-452.30010671185545,-463.629808554046,-474.3927980376407,-484.6174218011762,-494.3306086078246,-503.5579402651931,-512.3237189980222,-520.651031451156,-528.5618094913036,-536.0768879676777,-543.2160595836017,-549.9981270235692,-556.4409524730294,-562.5615046612845,-568.3759035513933,-573.8994627947585,-579.1467300622011,-584.131525357734,-588.8669774159316,-593.3655582787475
273,0.42031250000000003,-44.545423961486,-74.90306236597303,-103.6639454624264,-130.96852046361258,-156.90330704668543,-181.53991249971088,-204.94397288608255,-227.17730123052905,-248.29849628292703,-268.3631976510577,-287.4242552049394,-305.53187351498735,-322.7337453252259,-339.07517749340116,-354.59921042928596,-369.34673150655743,-383.35658278531224,-396.66566333902716,-409.30902645878723,-421.3199719922757,-432.7301340616607,-443.5695643920028,-453.86681147013115,-463.6489957428361,-472.9418810526982,-481.76994249992725,-490.1564309091143,-498.12343407082466,-505.69193491944566,-512.8818668006046,-519.7121659737968,-526.2008214885577,-532.36492256561,-538.2207036077979,-543.7835869594138,-549.0682235265514,-554.088531365503,-558.8577323408529,-563.3883869498378,-567.6924274047043
274,0.41953125,-42.46393040530243,-71.40326652770884,-98.82053855223641,-124.84960528680206,-149.57292621554322,-173.05875015662616,-195.3696369048114,-216.56450405034153,-236.69920668300358,-255.82678019965002,-273.99760151554057,-291.2595265559713,-307.65801734788636,-323.23626196623366,-338.035288307535,-352.09407213683374,-365.44963972459453,-378.1371653503312,-390.1900639306761,-401.64007901564025,-412.51736638451473,-422.8505734612494,-432.66691475824683,-441.99224354708235,-450.85111994475454,-459.26687559468206,-467.2616751127006,-474.85657445981684,-482.07157639540276,-488.9256831568227,-495.4369465042027,-501.6225152621042,-507.49868048329927,-513.0809183535563,-518.3839309504316,-523.4216849633862,-528.2074484771979,-532.7538259155306,-537.0727912366846,-541.1757194689459
275,0.41875,-40.315915089662845,-67.79111369614141,-93.82115000729053,-118.53313989737875,-142.0053908616136,-164.3027132105482,-185.48451252930795,-205.60673403656972,-224.72241363363509,-242.88190886937363,-260.13305229880643,-276.5212822349196,-292.08976356936876,-306.879501770391,-320.92945099276795,-334.27661673103484,-346.9561533216508,-359.00145656049153,-370.44425168290354,-381.3146769396019,-391.6413629895433,-401.4515083195367,-410.77095088975955,-419.6242361942779,-428.03468191612205,-436.0244393474575,-443.61455173680633,-450.825009717149,-457.6748039610175,-464.1819752013644,-470.36366175003525,-476.2361446390619,-481.8148905037397,-487.1145923204632,-492.14920810667127,-496.9319976848526,-501.4755576074719,-505.79185433482746,-509.89225575324025,-513.7875611166083
276,0.41796875,-38.10685145224023,-64.07683994151184,-88.68094656373957,-112.0392932990874,-134.2258773254233,-155.3019436299898,-175.32363214807876,-194.34381449167424,-212.41261412678213,-229.57762423761676,-245.88405237619835,-261.3748438318563,-276.0907956716373,-290.0706643712004,-303.3512679081218,-315.96758271748837,-327.95283579353145,-339.33859218544256,-350.1548381184711,-360.43005995891906,-370.1913192306446,-379.4643238802824,-388.273495978627,-396.6420360362804,-404.59198410278253,-412.14427781002547,-419.3188075127134,-426.1344686710144,-432.6092116132981,-438.7600888099672,-444.60329978284295,-450.15423376834605,-455.42751024680945,-460.43701744463164,-465.19594891066487,-469.71683826313904,-474.0115921986281,-478.09152184997816,-481.96737257577587,-485.6493522598017
277,0.45390625,-46.55872816197277,-78.28844721362283,-108.34922312306121,-136.88784831953902,-163.99475175995053,-189.74477677323543,-214.20652604696738,-237.44460674194377,-259.52026666715693,-280.4916608750165,-300.4140286751674,-319.3398445680478,-337.3189577275801,-354.3987236169237,-370.6241288132274,-386.03790953688343,-400.6806642366728,-414.59096053726137,-427.8054368337145,-440.35889880186437,-452.2844110794423,-463.61338435990075,-474.3756581286708,-484.5995792600549,-494.3120766819494,-503.53873230523305,-512.3038484047568,-520.6305116295184,-528.5406538106873,-536.0551097277202,-543.1936719847537,-549.9751431418632,-556.4173852385353,-562.5373668398064,-568.3512077290213,-573.8742213649374,-579.1209552150139,-584.1052290711457,-588.8401714487555,-593.3382541651364
278,0.453125,-48.501212268692846,-81.55517090398502,-112.87078072875863,-142.60091194798622,-170.83973310644566,-197.66518498579924,-223.14871269447292,-247.35760284867578,-270.3556453000263,-292.20341020604604,-312.9584319840831,-332.67536622291885,-351.4061347480122,-369.20006254749524,-386.1040076632068,-402.16248455215765,-417.41778127719675,-431.9100708410509,-445.67751695666556,-458.75637453124045,-471.1810851275302,-482.98436765292143,-494.1973045144549,-504.8494234661854,-514.9687753639972,-524.5820080323429,-533.7144364371742,-542.3901093496718,-550.6318726761609,-558.4614296208787,-565.8993978399055,-572.9653637367022,-579.6779340421698,-586.054784814995,-592.1127079912951,-597.8676556060962,-603.3347818030697,-608.5284827431442,-613.4624345170502,-618.1496291616387
279,0.41718750000000004,-35.83784519344471,-60.26121026400569,-83.39991595747348,-105.3669630980735,-126.23196420740106,-146.0525330414552,-164.88147845197386,-182.76853293076624,-199.76084254664627,-215.90317231858614,-231.23804258304597,-245.805845253312,-259.6449512427945,-272.7918118179044,-285.2810547131399,-297.14557539273784,-308.4166237313653,-319.1238863511266,-329.2955648350177,-338.9584500244595,-348.1379925976739,-356.8583701155094,-365.14255071188137,-373.0123535970027,-380.48850653308625,-387.590700434172,-394.3376412340896,-400.74709915933346,-406.83595553676787,-412.6202472595506,-418.1152090284825,-423.33531348011246,-428.29430930735475,-433.0052574730639,-437.48056561200207,-441.73202071183243,-445.7708201592529,-449.60760123306216,-453.2524691218612,-456.7150235402021
280,0.0,-42.463420319999784,-71.40217455656595,-98.81877822583598,-124.84711374711745,-149.5696572420714,-173.0546697815366,-195.36472050273954,-216.55873431023286,-236.6925721341885,-255.81927410297857,-273.98922100546486,-291.25027196174125,-307.6478916467556,-323.2252703365984,-338.02343775946775,-352.08137120367854,-365.43609820351196,-378.1227940826231,-390.17487461479027,-401.62408404730394,-412.5005787195721,-422.8330064976509,-432.64858223428143,-441.9731594534857,-450.831298448717,-459.24633097411066,-467.24042169934955,-474.8346265901229,-482.0489483680196,-488.9023891960138,-495.4130007283526,-501.59793165672,-507.4734728779567,-513.0551004023133,-518.3575161152947,-523.3946865004696,-528.1798794252513,-532.725699086564,-537.0441192084367,-541.1465145789817
281,0.4546875,-44.54640983513613,-74.90517237769582,-103.66734626771596,-130.97333307679304,-156.9096203377215,-181.54779167953666,-204.95346513736882,-227.188439631037,-248.31130265596119,-268.3776847092898,-287.4404282084585,-305.54973158265716,-322.75328249056577,-339.096383567055,-354.6220717117576,-369.3712313828076,-383.38270222466946,-396.69338131819785,-409.33832032167294,-421.3508177573697,-432.7625066855799,-443.60343799604937,-453.9021595354815,-463.68579127897107,-472.9800967428841,-481.8095508269342,-490.1974042638447,-498.1657448461223,-505.73555559100197,-512.9267699966163,-519.7583245347815,-526.2482085185529,-532.4135114758055,-538.2704681535239,-543.8345012712812,-549.1202621364465,-554.1416692280458,-558.9119448508626,-563.4436499562748,-567.7487172215124
282,0.0,-40.31696396470431,-67.79335853758616,-93.82476811233794,-118.5382600050673,-142.0121075124393,-164.31109577422947,-185.4946111954995,-205.61858398901043,-224.73603808280524,-242.8973213333478,-260.15025836727824,-276.54028096436895,-292.11054860642025,-306.90206226939586,-320.9537723740792,-334.30268131359327,-346.9839408548311,-359.03094467413104,-370.4754162700999,-381.34749248373845,-391.6758028446462,-401.4875449512994,-410.80855608318865,-419.6633812328702,-428.07533773662755,-436.06657667361435,-443.65814119489573,-450.8700219357838,-457.72120965720273,-464.2297452545919,-470.412767265908,-476.28655700374867,-481.8665814303843,-487.1675338885213,-492.2033727950288,-496.98735839946943,-501.5320877041991,-505.84952763797725,-509.9510465704089,-513.8474442501998
283,0.49921875000000004,68.53714589038599,115.24527993555022,159.49669472280368,201.50745996826322,241.41068059999435,279.31652187739724,315.3259645912608,349.5341093359397,382.03111258532635,412.90257886925974,442.22982116611115,470.0900829569151,496.55674345778664,521.699511295299,545.5846082014416,568.2749434531128,589.8302795702461,610.3073897215345,629.7602072553099,648.2399677502075,665.7953439599854,682.4725740080613,698.3155831694802,713.3660995611067,727.6637640448056,741.2462346330974,754.14928567231,766.4069020644638,778.0513687760849,789.113355869692,799.6219992819388,809.6049775611687,819.0885847664939,828.0977997204209,836.656351797408,844.7867834216466,852.5105094386663,859.8478735171411,866.8182017294555,873.4398534521398
284,0.49843750000000003,68.3789155421513,114.97935287587195,159.1288469833941,201.04295554226476,240.85446577735377,278.6732800641762,314.60013880035484,348.7299167085404,381.15255653976254,411.9534602047898,441.2137484675344,469.01048241400093,495.4168681549054,520.5024500092558,544.3332937386708,566.9721605536328,588.4786724031846,608.9094689950115,628.3183569617821,646.7564515669345,664.2723113230045,680.9120658769198,696.7195374989429,711.7363564951125,726.002070847082,739.5542503680375,752.4285856489637,764.6589820558083,776.2776490250752,787.3151848929867,797.8006574816203,807.7616806542309,817.2244870413645,826.2139971293009,834.7538848927571,842.8666401447123,850.5736277675474,857.8951439814965,864.8504697985956,871.4579218029024
285,0.5,68.59031804757865,115.33479740356026,159.62073888710114,201.66436772426448,241.5988828032183,279.53452740261696,315.57235445686973,349.8075330324499,382.3302849116464,413.22627693291116,442.5768814896519,470.45939868749025,496.94726168365673,522.1102304716948,546.0145756859497,568.7232531492206,590.296069676656,610.7898405842218,630.2585393189202,648.7534396051749,666.3232504816528,683.0142445840598,698.8703800116438,713.933416098266,728.243023392883,741.8368881390318,754.7508115284435,767.0188039901465,778.673174763371,789.7446169901245,800.2622885515426,810.253888860887,819.745731815432,828.7628150993645,837.3288860202065,845.4665040521505,853.1971002510235,860.5410336973487,867.5176451161665,874.1453078148169
286,0.49765625,68.11462870231651,114.5348390002462,158.5134888152279,200.2653145407427,239.92259937639912,277.59482836427884,313.3823587796237,347.3797040280231,379.67646394668884,410.35771455886567,439.504266856505,467.19288748072256,493.49650268434175,518.4843908088673,542.2223648428612,564.772945782229,586.1955273033489,606.5465321952237,625.8795609656185,644.2455330133592,661.692820738826,678.2673769459952,694.0128558716367,708.9707281604628,723.1803900891031,736.6792673265851,749.5029135046337,761.685103857412,773.2579241773423,784.2518553213076,794.6958534898115,804.6174264905407,814.0427061871891,822.9965173243723,831.502442909893,839.5828863265692,847.259130337212,854.5513931381594,861.4788816090025,868.0598418987469
287,0.496875,67.74585652918988,113.91484771501047,157.65558105525045,199.18162037862547,238.62452480459933,276.0931801290433,311.6873947614462,345.50116557837936,377.6236030263132,408.139318661498,437.1286824599714,464.6680422512665,490.8299265371267,515.6832358951062,539.2934245230721,561.7226726396443,583.0300502477119,603.2716727040848,622.5008485074939,640.7682196946166,658.1218952138775,674.6075776282422,690.2686834806286,705.1464576388736,719.2800819213719,732.7067782894287,745.4619068780789,757.5790591235269,769.0901462324646,780.02548322624,790.4138687812273,800.2826610756499,809.657849842606,818.5641248190645,827.0249407710861,835.0625792665337,842.6982073579475,849.9519333301405,856.8428596593347,863.3891333233064
288,0.49609375,67.27215734800802,113.11823934556561,156.55296717379437,197.7884194164532,236.95524183019495,274.1615643377623,309.5065022215696,343.0833993330622,374.98074684189055,405.2825681393709,434.0686743998277,461.41488251723916,487.39321653486394,512.0720977341259,535.51652492948,557.788245680285,578.9459189239144,599.0452694705117,618.1392347690377,636.2781043318101,653.5096521848794,669.879262693153,685.4300500916806,700.2029720379156,714.2369374840496,727.568909153525,740.2340008916394,752.2655701466384,763.6953058248799,774.5533117514552,784.8681859560953,794.6670959931762,803.9758504942012,812.8189671412191,821.2197372401965,829.2002870644228,836.7816361295107,843.9837525534701,850.8256056476704,857.3252158771907
289,0.49531250000000004,66.69511281206142,112.14799866145573,155.21028095637277,196.0922136546154,234.9233170796023,271.8107893975172,306.85289185689555,340.14216409216414,371.7663349425356,401.8087040229986,430.3483950716613,457.46057199969164,483.21663857841105,507.6844268846065,530.9283760370971,553.00970192925,573.9865584572229,593.9141906804529,612.8450803204545,630.8290839817307,647.9135644589337,664.1435154761407,679.5616801867624,694.2086637461617,708.123040253468,721.3414543442291,733.8987177014566,745.8279007392464,757.1604197004331,767.9261193976598,778.1533518157873,787.8690507826446,797.0988029047778,805.8669149550303,814.1964778894201,822.1094276619187,829.6266029973009,836.7678002742128,843.5518256630183,849.9965446557172
290,0.49453125000000003,66.0149262748729,111.00421747734613,153.6272265555111,194.09206721716671,232.52694259022138,269.0379609841677,303.7223846899769,336.67181253695026,367.97308144642847,397.7086441251141,425.95681983836477,452.7920082649388,478.28488715519757,502.5025988618888,525.5089272609628,547.364465759915,568.1267768882985,587.8505439024539,606.5877148063676,624.3876391685476,641.2971980953399,657.3609277030412,672.6211364139845,687.1180163855032,700.8897493652613,713.9726072517202,726.4010476245994,738.2078044969187,749.423974527646,760.0790989219961,770.2012412350971,779.8170612839272,788.951885362181,797.6297729430078,805.8735800452777,813.7050194302799,821.1447177873891,828.2122700593076,834.9262910499688,841.3044644510138
291,0.49375,65.23317010689092,109.68971585793861,151.80804989535156,191.7938199907611,229.77370917468082,265.8525671536471,300.1265023074384,332.68602660538045,363.61694651714544,393.0007362573384,420.91478560558267,447.4326112395225,472.6240520588756,496.5554535108369,519.2898424172017,540.8870929930908,561.4040845465144,580.8948512860335,599.4107246338968,617.0004684202077,633.7104073143896,649.5845488323419,664.6646992406605,678.9905736632275,692.5999006801987,705.5285216948914,717.8104853303007,729.4781371038678,740.5622046166997,751.0918784815957,761.0948892030551,770.5975802117338,779.6249772457081,788.2008542612936,796.3477960469962,804.0872577055204,811.4396211604853,818.424248836678,825.0595346552259,831.3629524779911
292,0.49296875,64.3506899554238,108.20581434648464,149.75431678889353,189.19906310490464,226.66502347623904,262.25563051046066,296.0656939561932,328.18450298080325,358.6967049673117,387.68267366762063,415.2187536413679,441.3774687106622,466.22771462896594,489.83494090467053,512.2613232580558,533.5659273912321,553.8048645530214,573.0314393197957,591.2962899839513,608.6475219202538,625.1308342813488,640.7896403561205,655.6651819078443,669.7966377932398,683.2212271484854,695.974307413931,708.0894674556732,719.5986160292356,730.5320658183365,740.9186132700687,750.7856144367597,760.1590570242453,769.0636288363089,777.5227827955562,785.5587987119587,793.1928419617551,800.4450192312462,807.3344314722992,813.8792242090319,820.0966353281632
293,0.4921875,63.369042374571556,106.55515730709806,147.46986772562906,186.31294734331763,223.20746086322566,258.25526310516085,291.54971704684226,323.1787489651808,353.22571394695547,381.7697585059181,408.8860613474508,434.6460386812303,459.1175339774705,482.3649970354642,504.4496538229195,525.4296677569109,545.3602929021439,564.2940195018853,582.2807122278015,599.3677415136805,615.6001083192479,631.0205626528824,645.6697161654954,659.5861491121991,672.8065119635573,685.3656219340701,697.2965546821781,708.6307314233229,719.3980016855272,729.626721925466,739.3438302121098,748.5749171746435,757.3442934015233,765.6750534682124,773.5891367622115,781.1073852656056,788.2495984473078,795.0345854095766,801.4802144261536,807.6034600024914
294,0.49140625000000004,62.28970965118566,104.74028487391193,144.95811905070255,183.13957938911318,219.40563265008754,253.85639805441576,286.5836482902313,317.6738123847671,347.20882632582953,375.26648940440043,401.920700811233,427.24166140565376,451.2960602066245,474.14725038757354,495.8554162058196,516.4777315240884,536.0685103904119,554.6793500837865,572.3592670046087,589.1548257681834,605.1102618412845,620.2675980447143,634.6667552286272,648.3456574120419,661.3403316634284,673.6850029853819,685.4121844532636,696.55276284519,707.1360799888774,717.1900100395741,726.7410328926022,735.814303923849,744.4337202418697,752.6219836260974,760.4006603169121,767.7902378150303,774.8101788398188,781.4789725886262,787.8141834321452,793.8324971740456
295,0.49062500000000003,61.114223006157395,102.76364970063871,142.22248280145246,179.68339030881458,215.26505988018786,249.06572349524885,281.1754231295704,311.67895728482824,340.65671576333847,368.1850294222893,394.3364023988708,419.1797101370592,442.78038240638364,465.20057600978436,486.4993385881959,506.73276416948636,525.9541409209791,544.2140915064543,561.5607064203605,578.0396706513857,593.6943840094139,608.566075433059,622.6939115790091,636.1150999793028,648.8649870383539,660.9771511278843,672.4834910250335,683.4143099266092,693.7983952607984,703.6630945065684,713.034387220484,721.9369534606537,730.394238788038,738.4285160163317,746.0609438730667,753.3116227264383,760.1996475246452,766.7431580871645,772.9593868804371,778.8647044037831
296,0.48984375,59.844692266412224,100.62899592254527,139.26820484297866,175.95097696045676,210.79352982409782,243.8920520087407,275.33471334166836,305.20454985470826,333.5802809859678,360.53665191494827,386.14466085829105,410.47175290876356,433.5819991987818,455.5362659814629,476.3923750033473,496.2052558001378,515.027090363216,532.9074505681587,549.8934287292833,566.02976162437,581.3589483161304,595.9213620806509,609.7553567374928,622.8973676614117,635.3820077416863,647.2421585417286,658.5090568990365,669.2123771935329,679.3803095009443,689.039633837029,698.2157906881844,706.9329480141746,715.2140648994326,723.080952020574,730.5543290893631,737.6538794224197,744.3983017813789,750.8053596200342,756.8919278681637,762.6740373752491
297,0.4890625,58.48261390611938,98.33856944671321,136.0982479212505,171.94602376021814,205.99547583219683,238.34060764979188,269.0675850539069,298.25755596646206,325.9874492820061,352.33030960258895,377.3555194914989,401.1289889931736,423.71333078605073,445.1680254649045,465.5495783007464,484.91166809873914,503.30528859404217,520.7788827695566,537.3784704524794,553.1477695268294,568.128311081712,582.359548798955,595.8789628684501,608.7221587050635,620.9229607272686,632.5135014445855,643.5243060885612,653.9843730102492,663.9212500559979,673.3611071227394,682.3288050839204,690.8479612676306,698.9410116594063,706.6292699935658,713.9329838887127,720.8713881752807,727.4627555555767,733.7244447297578,739.6729461145093,745.3239252748327
298,0.48828125,57.03071228517783,95.89729531796954,132.71965504960704,167.67757700344603,200.88181300130938,232.424027942006,262.3882452002403,290.8535958723335,317.89509751985366,343.5839803865809,367.98790399200965,391.17114184540617,413.1947521771682,434.1167390636491,453.992205254423,472.87349730329584,490.81034342952796,507.84998448192374,524.0372983525824,539.4149181681872,554.0233445699836,567.901052378032,581.0845919205332,593.6086852949824,605.5063178146236,616.8088248809676,627.5459745111365,637.7460457373431,647.4359030849586,656.6410673252944,665.3857826894287,673.6930807200746,681.5848409296458,689.08184842427,696.2038486454974,702.9695993738766,709.3969201313529,715.5027391125916,721.3031377688317,726.8133931616783
299,0.48750000000000004,55.490439917190244,93.30719888784624,129.13492149263362,163.1485518664364,195.45585984122837,226.14604090333756,255.3008535215719,282.99729473773203,309.30835824986787,334.30335206404084,358.0481094064025,380.6051685677743,402.0339391107023,422.3908587072408,441.72954188768796,460.1009212897024,477.5533818257155,494.13288813329666,509.8831056473708,524.8455156143788,539.0595243519227,552.5625670420901,565.3902063321245,577.5762260023473,589.1527199482273,600.1501767110777,610.5975597801337,620.5223838775901,629.95078742759,638.9076014000807,647.4164147109137,655.4996363504661,663.1785544044459,670.4733921223664,677.4033611813658,683.9867122856888,690.2407832351055,696.1820445888815,701.826143045582,707.1879426529656
300,0.48671875000000003,53.86511890332756,90.57435575750432,125.35284400750172,158.37038833247465,189.73159200780802,219.52303111432178,247.8240645446865,274.7094305927564,300.2499824378812,324.51299623248497,347.5623756579495,369.458826374913,390.26001726984634,410.0207326302527,428.7930164842393,446.6263096720143,463.56758005185003,479.6614461923064,494.95029487813287,509.47439273943587,523.2719922979211,536.3794327093392,548.8312354673063,560.6601953204149,571.8974666420162,582.5726454800532,592.7138475029902,602.3477820470761,611.4998224599221,620.1940729256273,628.4534319474279,636.2996526550437,643.7534000955305,650.8343056585248,657.5610187791947,663.951256055069,670.0218479060914,675.788782900779,681.2672498652294,686.471677885864
301,0.4859375,52.15614884277572,87.70055824011042,121.37543500260445,153.3452143830227,183.71119274209278,212.55720762221753,239.96010605412238,265.99225948925215,290.72227640082656,314.2153008940545,336.5332109762036,357.7347876170407,377.87587098536613,397.0095078752847,415.18609152668796,432.453494394729,448.8571942616116,464.4403940338034,479.24413554346637,493.3074076551532,506.6672489632091,519.358845350867,531.4156226683402,542.8693347742636,553.7501471725974,564.0867164654212,573.9062658310226,583.2346567261707,592.0964570015115,600.5150056095484,608.5124740756983,616.109924894364,623.3273670038624,630.1838084863564,636.6973066316062,642.8850154964265,648.7632310851252,654.3474342699353,659.6523315644972,664.6918938577879
302,0.48515625,50.36742909921081,84.69299504266185,117.21319075708011,148.0867931768135,177.4116121184841,205.26860107620635,231.7319651882316,256.8715891610572,280.7537249599133,303.44127986749004,324.99400774104356,345.4686721233911,364.91919701056116,383.39680913915885,400.9501729483409,417.6255187467076,433.4667644602436,448.5156312900702,462.8117535860377,476.39278322553906,489.294488772207,501.5508496754436,513.1941457586883,524.255042231954,534.7626704524415,544.7447046458207,554.2274347901862,563.2358358545783,571.7936335743829,579.923366936799,587.6464475409252,594.983215988767,601.9529954556637,608.5741425812125,614.864095814701,620.8394213423668,626.515856717435,631.9083523078283,637.0311106707122,641.8976239575604
303,0.484375,48.500297728956525,81.55321439153371,112.86762841992197,142.5964523881269,170.8338846611916,197.65788795252658,223.13992406849954,247.34729267732754,270.3437940345127,292.1900067104783,312.9434719962251,332.65885113731997,351.38807063665365,369.18045936026857,386.08287856754356,402.1398453824579,417.3936500722362,431.88446745281647,445.65046271787224,458.7278919715297,471.15119773036184,482.9530996467725,494.1646806931195,504.81546903387084,514.933515801695,524.5454689824993,533.676643604183,542.3510884140807,550.59164922081,558.4200290674314,565.856845394472,572.9216843434205,579.6331523437555,586.0089251194262,592.0657942438735,597.8197113662457,603.2858302253069,608.4785465617106,613.4115360337807,618.0977902366681
304,0.48359375000000004,46.55920731907509,78.28947378315365,108.35087908686513,136.89019350820206,163.9978303759666,189.74862149329482,214.21116074556633,237.4500483903365,259.526526714162,280.49874628649957,300.421942738872,319.34858753092465,337.3285273096175,354.4091154315057,370.6353367150319,386.0499259126208,400.6934802499808,414.6045663363176,427.81982172820705,440.37405141452814,452.3003194762674,463.63003616236085,474.393040610686,484.6176794318946,494.33088136293964,503.55822818679786,512.3240221050958,520.6513497410122,528.5621429409708,536.0772365352123,543.2164232093388,549.9985056313174,556.4413459711996,562.5619129439705,568.3763264993939,573.8999002765489,579.1471819348563,584.1319914678048,588.8674576002743,593.3660523653123
305,0.48281250000000003,44.54542613356453,74.90306781213314,103.66395529465407,130.96853572033316,156.90332869505434,181.5399414379065,204.94400994578828,227.17734717951365,248.29855182770874,268.36326343958785,287.4243318292778,305.53196151395156,322.7338451869745,339.0752896579823,354.59933529109156,369.3468694167103,383.35673405397586,396.66582823762974,409.3092052221556,421.32016482070196,432.73034112286854,443.5697858230369,453.8670473791718,463.6492462109246,472.94214613539197,481.77022222887666,490.1567252935675,498.1237430990619,505.6922585601466,512.8822050041477,519.7125186734951,526.2011886018394,532.3653039951314,538.2210992425098,543.7839966755676,549.0686471886552,554.0889688272302,558.8581834459018,563.3888515327459,567.6929052916215
306,0.48203125,42.46393253226576,71.40327185685369,98.8205481683337,124.84962020139152,149.57294736933537,173.0587784218911,195.3696730879369,216.56454889447247,236.6992608707508,255.82684435580845,273.99767620979037,291.25961230554657,307.65811462017086,323.2363711813179,338.0354098406747,352.0942063208378,365.4497868521337,378.13732567615637,390.1902376737472,401.6402663611838,412.5175674859805,422.85078844218964,432.66714371411797,441.99248654695754,450.85137703296533,459.2671467923805,467.26196041934884,474.856873854607,482.0718898386071,488.9260105910779,495.4372878557292,501.6228704418695,507.49904938811557,513.0813008671296,518.3843269443511,523.4220942980644,528.207871002762,532.7542614726656,537.0732396574327,541.1761805774624
307,0.48125,40.31591716755187,67.79111889850206,93.82115938972615,118.53315444277655,142.00541148265089,164.3027407521719,185.48454777136357,205.60677769649476,224.72246636920931,242.8819712814674,260.1331249341034,276.5213655886003,292.0898580877152,306.8796078533475,320.92956899639944,334.27674696991113,346.9562960711484,359.0016120590032,370.4444201339549,381.3148585138968,391.6415578269053,401.45171653077193,410.7711725584419,419.6244713784434,428.0349306498918,436.02470164258,443.6148275841285,450.82529908801405,457.6751068085967,464.1822914619192,470.36399134411624,476.23648747265236,481.81524646933144,487.1149612980853,492.1495899648594,496.93239228156824,501.4759647909741,505.79227394449566,509.892687620354,513.7880050650838
308,0.48046875,38.10685347946401,64.0768450133224,88.68095570595355,112.03930746544853,134.22589740019652,155.3019704305164,175.3236664274645,194.34385694152638,212.4126653799915,229.5776848711281,245.8841229137476,261.3749247466624,276.0908873890087,290.0707672710948,303.3513823275988,315.9677089530853,327.9529741035541,339.33874279216093,350.15500121022194,360.43023569213386,370.1915077317728,379.4645252476362,388.27371028414626,396.6422633272066,404.59222440326084,412.1445311226256,419.31907381987884,426.1347479364388,432.6095037832348,438.760393814469,444.6036175369407,450.1545641731679,455.4278531906369,460.43737280390644,465.19631655093644,469.71721803996326,474.0119839584178,478.09192543080627,481.96778780813446,485.649778967319
309,0.47968750000000004,35.83784716793345,60.261215200281825,83.39992485066732,105.36697687201655,126.23198371730021,146.0525590765171,164.88151173814592,182.7685741335127,199.76089227375738,215.90323112296684,231.23811096546322,245.80592366509092,259.6450400884244,272.79191145759285,285.2811654652564,297.145697536178,308.41675750782645,319.12403196728764,329.29572246462266,338.9586198103253,348.13817465359267,356.85856452807155,365.14275754221626,373.01257288242994,380.48873828869307,387.59094465431036,394.3378978937998,400.74736821569655,406.83623693018956,412.6205409149774,418.1155148565544,423.3356313782585,428.2946391608251,433.00559915591145,437.48091898800794,441.73238563537996,445.7711964761563,449.60798878134665,453.2528677325,456.71543303781175
310,0.47890625000000003,33.514833008031054,56.35536312573112,77.99461568697991,98.53823518188527,118.05130019722041,136.58767422865017,154.19673116846442,170.92497061995513,186.8164753409713,201.91310282153586,216.25461247983986,229.87877414894785,242.82146836281174,255.11678100806893,266.79709310753003,277.89316608657185,288.43422277157873,298.4480243384066,307.9609434139432,316.998033522915,325.583095062385,333.7387379773599,341.48644130228104,348.84660972498045,355.8386273219216,362.4809086060926,368.79094702189934,374.7853610146841,380.47993779613694,385.88967492080377,391.0288197831453,395.9109071391329,400.54879475116223,404.9546972501445,409.14021830392807,413.1163811767553,416.89365776022515,420.4819961522005,423.8908468562899,427.1291876708883
311,0.478125,31.13882493019948,52.35978108983396,72.4645020757859,91.55117690517956,109.68029387504778,126.9019149149919,143.26192649816733,158.80354171392813,173.56772607201043,187.5933760176654,200.91743746693064,213.57500685665428,225.59942450798567,237.0223627092847,247.873909243633,258.182646696185,267.97572777887285,277.2789468791933,286.11680802475223,294.51258944428514,302.48840489629055,310.065261927631,317.2631172161397,324.1009291434499,330.5967077368936,336.76756211227814,342.6297455427316,348.1986982724995,353.48908818860644,358.5148494576199,363.28921922938474,367.82477250447613,372.1334552572716,376.22661590194565,380.1150351843033,383.8089545782241,387.3181032615471,390.65172374246487,393.8185962039563,396.8270616303909
312,0.47734375,28.716182454943702,48.28643170697937,66.82741296821371,84.42964197733463,101.14887756831874,117.03126972573854,132.1191219565593,146.4522752312554,160.06849987325717,173.0036596688731,185.2918208255096,196.96534490676936,208.05497474586002,218.58991553478444,228.59791174457308,238.10532017685858,247.1371793598278,255.7172754750167,263.8682049887316,271.61143415257965,278.9673555293117,285.95534169247907,292.59379624101837,298.90020226287197,304.8911683751153,310.5824724616835,315.98910322378146,321.1252996523078,326.0045885261817,330.63982003525945,335.04320162162014,339.22633012830033,343.20022234010827,346.97534399693393,350.5616373559324,353.96854737515355,357.20504658756374,360.27965873094684,363.20048119591416,365.9752063511264
313,0.4765625,26.247821491963837,44.1355315432384,61.082311596041365,77.17093356367312,92.45238865665961,106.96887839563799,120.75908403293573,133.85943289272032,146.30445741717665,158.12694572303843,169.35804157403444,180.02732959864412,190.1629140182557,199.79149291709984,208.9384286673227,217.62781479315936,225.88253947534014,233.72434587063105,241.17388940854062,248.25079221786422,254.97369482756824,261.3603052790628,267.42744577985155,273.1910970219206,278.6664402819976,283.8678974148592,288.80916884526863,293.5032696588023,297.9625638867831,302.19879707574444,306.22312722732016,310.04615419013595,313.67794758118276,317.12807331028347,320.4056187775571,323.51921681028966,326.47706840230126,329.2869643157211,331.9563056021029,334.49212309694474
314,0.47578125000000004,23.740487098813798,39.91979840798986,55.248197077829424,69.8005120358458,83.62283859131904,96.75332868756382,109.22695463085637,121.07665312583617,132.33364919471927,143.02759180773563,153.18664393181234,162.8375593410908,172.0057536280464,180.7153712301294,188.98934901250462,196.8494766544205,204.31645401482317,211.4099456310218,218.1486324938275,224.55026123496776,230.63169085577258,236.40893711980578,241.89721472602182,247.1109773732561,252.06395582138606,256.7691940492341,261.23908360432165,265.4853962348398,269.5193148896989,273.3514631682292,276.99193329704906,280.4503127077306,283.7357092852215,286.8567753534959,289.82173046156925,292.6383830298713,295.31415091396894,297.8560809397754,300.2708674616888,302.5648699925181
315,0.47500000000000003,21.194991517540718,35.63917179794457,49.323528408129775,62.314905841037735,74.65448384273608,86.37634333829267,97.51172187621692,108.0900364287087,118.13917346619442,127.68561062702715,136.7544975107459,145.36972453816844,153.5539865588326,161.32884285005576,168.71477400537648,175.73123594331108,182.39671119993577,188.7287576472909,194.74405476899753,200.4584476167674,205.88698856478496,211.0439769728589,215.94299686347904,220.59695271252755,225.0181034483378,229.21809474895818,233.20798972294983,236.9982980547322,240.59900369140883,244.01959114413012,247.26907047338474,250.35600102411706,253.28851397325886,256.0743337491358,258.72079837920967,261.2348788197993,263.62319731873276,265.8920448593221,268.0473977316408,270.0949332747694
316,0.47421875,18.618423757334266,31.307046308236576,43.32835773759195,54.741038816320255,65.5812371358829,75.87887137869542,85.66136703421486,94.95455347527161,103.78291790998182,112.1697116964949,120.13702092696168,127.70582663990933,134.8960604912652,141.7266573052084,148.21560492740767,154.37999157388364,160.23605081260763,165.79920429803443,171.08410237074906,176.10466262850767,180.8741065696701,185.40499440510936,189.70925812992962,193.7982329418155,197.68268708856723,201.37285022325338,204.87844034153295,208.2086893719842,211.37236748675176,214.37780619646472,217.23292029019944,219.94522867821703,222.52187419232718,224.96964239600004,227.29497945372995,229.5040091066937,231.6025487993925,233.59612499972854,235.48998775285474,237.28912450710968
317,0.4734375,16.01148738482765,26.923084739188333,37.26064932425343,47.074686093853636,56.396309442533656,65.25126957930996,73.6631677587473,81.6542292354065,89.24552257833496,96.4570517038032,103.3078169912616,109.81586736122549,115.99834836983938,121.87154756714956,127.45093749817764,132.75121652327945,137.78634758266702,142.5695950133119,147.1135595181668,151.43021138163493,155.53092202002088,159.4264939510233,163.12718926190837,166.64275665188129,169.98245712032863,173.15508836891632,176.16900798208997,179.03215544724722,181.75207307275895,184.33592585907343,186.79052037536633,189.1223226915495,191.33747541294767,193.44181386258668,195.44088145376378,197.33994429344324,199.14400505498256,200.85781615675836,202.48589228143894,204.03252226889853
318,0.47265625,13.381571654828194,22.501275889759903,31.141384723050983,39.34406898231464,47.13530567901565,54.53659577578022,61.56764885771507,68.24702771889817,74.59233078129417,80.62026843834802,86.34671373906554,91.78674563101748,96.95468894803847,101.86415216129568,106.52806319566405,110.95870344916034,115.16774011320032,119.1662568795271,122.96478311405467,126.57332157373283,130.0013747388066,133.25796982937766,136.35168257178483,139.29065977710752,142.08264079105527,144.7349778715515,147.25465554754575,149.64830900992712,151.92224158288656,154.082441321664,156.13459678033811,158.0841119911339,159.93612069465166,161.6954998584701,163.3668825196874,164.95466998520448,166.46304342186014,167.8959748669205,169.25723768791127,170.55041651932046
319,0.47187500000000004,10.729267120818276,18.041007942795584,24.968046006461165,31.544235346434473,37.79043317487565,43.72390022586995,49.36045595017365,54.71499685834145,59.80164372302696,64.6338034073445,69.2242099267239,73.58495942351159,77.72754245213956,81.66287441696205,85.40132442084621,88.95274264546204,92.32648634874862,95.53144455332769,98.57606149373417,101.46835888606014,104.21595707995526,106.82609514968941,109.30564997792638,111.6611543830305,113.89881433811613,116.02452532753227,118.04388788414964,119.96222234859897,121.7845828895201,123.51577082189573,125.16034725867883,126.72264512913652,128.20678059564625,129.616663899097,130.95600966151042,132.22834667307603,133.43702718942185,134.58523576363973,135.6759976363683,136.71218670605143
320,0.47109375000000003,8.062217726059545,13.556777655614887,18.762414775688896,23.70452997313226,28.39876952221352,32.85808410489534,37.09434588549672,41.11873663325424,44.94185748356931,48.57377483976535,52.02405084479757,55.30176938827973,58.415560164320674,61.373621390063384,64.1837413643774,66.85331894812425,69.3893830238078,71.79861098557966,74.08734630741358,76.26161523491031,78.32714264403712,80.28936710810507,82.15345521228498,83.92431515306053,85.60660965822673,87.20476826126958,88.72299896231479,90.16529930624026,91.53546690703624,92.83710944605005,94.07365417039036,95.24835691645116,96.36431068227216,97.42445377128608,98.43157752885863,99.38833369197731,100.2972413714233,101.1606936847896,101.98096405780765,102.76021221055424
321,0.4703125,5.3808973699177045,9.047702365617615,12.52150644146458,15.819303991193333,18.95156645263486,21.92695866647931,24.75342074720154,27.438428619112198,29.98906819891865,32.41206663852068,34.713813079604385,36.90037630933009,38.97752103705709,40.9507232240862,42.82518460190617,44.605846443606495,46.297402634004705,47.90431207735853,49.430810478044606,50.880921527078,52.258467525252655,53.56707947190591,54.8102066466345,55.99112570977544,57.11294934610105,58.17863447484713,59.19099004799437,60.15268445757623,61.06625257171674,61.93410241808138,62.75852153248071,63.54168298945149,64.28565113078442,64.99238700717204,65.66375354736215,66.30152046849159,66.9073689405804,67.48289601750436,68.02961884616012,68.5489786649289
322,0.46953125,2.6931575566932415,4.528697411246322,6.267768360618242,7.918844745681227,9.487145638719948,10.976991595467757,12.39234416331113,13.7369351470185,15.0143030356062,16.22780817926054,17.380642860809566,18.47583990643094,19.516280665302194,20.50470255554284,21.443706232308138,22.335762402617853,23.183218304425125,23.98830386570184,24.75313755862991,25.479731963435988,26.16999905583619,26.825755231536526,27.44872608063027,28.040550924155504,28.60278712454625,29.136914181132298,29.644337621330738,30.126392697656637,30.584347900195205,31.01940829370141,31.432718688057275,31.825366650379515,32.19838536665962,32.55275636044612,32.88941207568513,33.20923833050127,33.5130766483582,33.801726472711294,34.0759472709781,34.336460533342795
323,0.46875,-0.0006473901195427472,-0.0013852736546180536,-0.002232316917151877,-0.003158543454895803,-0.0041428499720719625,-0.0051697111073005075,-0.006227302420572617,-0.00730637770827253,-0.00839956354065247,-0.009500894653506283,-0.010605494573453693,-0.011709347695905396,-0.01280913135547177,-0.013902088690248253,-0.014985930249311701,-0.016058756362452575,-0.01711899493302627,-0.018165350925297412,-0.019196764869142038,-0.020212378433735523,-0.02121150564236756,-0.0221936086067574,-0.023158276943322734,-0.024105210225812652,-0.025034202935830887,-0.025945131509079653,-0.02683794313890491,-0.027712646067215595,-0.02856930113794228,-0.029408014434540285,-0.030228930842145958,-0.031032228409436022,-0.031818113408113455,-0.03258681598765703,-0.03333858635997878,-0.034073691440536215,-0.034792411889254235,-0.035495039509112945,-0.03618187495035955,-0.036853225693179316
324,0.46796875000000004,-2.6925068122910236,-4.527303727477057,-6.265520873988563,-7.915662704375832,-9.482969525968016,-10.971777547236377,-12.386060262293293,-13.729558838960592,-15.005819250867527,-16.218207918933683,-17.36992210222857,-18.463998736670007,-19.50332258275717,-20.49063389874817,-21.42853570735879,-22.31950068838569,-23.165877720164882,-23.96989808937917,-24.733681386942944,-25.459241106440707,-26.148489960576192,-26.80324493012645,-27.42523205909915,-28.016091009040057,-28.577379384704724,-29.110576842688893,-29.61708899398486,-30.098251110865853,-30.555331647957967,-30.989535586859965,-31.402007613179986,-31.793835134415332,-32.16605114667571,-32.51963695782778,-32.85552477427835,-33.17460015822981,-33.477704361903655,-33.7656365449073,-34.03915588059189,-34.29898355697368
325,0.46718750000000003,-5.382188146725832,-9.050464341736093,-12.525957256823832,-15.82560151795239,-18.959826486786422,-21.93726604932636,-24.765836744378614,-27.452996061157176,-30.005815215267823,-32.43100946515089,-34.73495822989418,-36.92372229048161,-39.003059731693924,-40.97844101836334,-42.85506331744163,-44.6378641146308,-46.331534160479784,-47.940529777382665,-49.46908455752283,-50.921220480752105,-52.30075848033851,-53.61132848334922,-54.85637895132599,-56.03918594577999,-57.16286174188051,-58.2303630126559,-59.244498604951225,-60.207936927378036,-61.12321296951138,-61.99273497066141,-62.81879075564091,-63.603553754105434,-64.34908871923048,-65.05735716069599,-65.73022250623264,-66.36945500525896,-66.97673638747561,-67.55366428865143,-68.10175645521116,-68.62245473867729
326,0.46640625,-8.061570969619847,-13.555392503376144,-18.760181034638002,-23.701367376920906,-28.394618909248308,-32.85290187044334,-37.08810029851427,-41.11140526863315,-44.93342535526482,-48.56423299561939,-52.0133952787794,-55.29000017931066,-58.40268078214499,-61.35963812756947,-64.1686628679162,-66.83715582514205,-69.3721475124842,-71.78031667487515,-74.06800789855333,-76.24124833725904,-78.30576359979966,-80.26699284133016,-82.1301030985014,-83.9000029065539,-85.58135523444362,-87.17858977227147,-88.69591460352746,-90.13732729301587,-91.50662541976322,-92.8074165827368,-94.04312790578825,-95.2170150669146,-96.33217087567093,-97.39153342135259,-98.39789381345426,-99.35390353481186,-100.26208142681924,-101.1248203251438,-101.9443933634263,-102.72295996159208
327,0.465625,-10.730545912108536,-18.04374425840897,-24.9724554519841,-31.55047431393425,-37.79861637071965,-43.73411168923806,-49.37275636375618,-54.72942864130641,-59.818234730428486,-64.65256971175202,-69.24515796896343,-73.60808771317363,-77.75284293636182,-81.69033359807011,-85.43092427963204,-88.98446141111293,-92.36029914589376,-95.56732394930356,-98.61397796388131,-101.50828121101539,-104.25785268608303,-106.86993040157992,-109.3513904302335,-111.7087649976482,-113.94825967162669,-116.07576969306706,-118.09689549113368,-120.01695742331675,-121.84100977899742,-123.5738540832385,-125.22005173569562,-126.7839360178243,-128.2696234999179,-129.6810248779256,-131.02185526853805,-132.2956439895879,-133.50574385147627,-134.65533998405954,-135.74745822219856,-136.7849730720323
328,0.46484375,-13.380932849914409,-22.49990774843659,-31.13917838921394,-39.340945157627154,-47.1312059101095,-54.53147697497428,-61.56147966538553,-68.2397859674646,-74.5840016514137,-80.61084307109108,-86.33618816158054,-91.77511990597515,-96.94196648805544,-101.85033916824302,-106.51316819676087,-110.94273690942538,-115.15071410914133,-119.14818482261707,-122.94567951513189,-126.55320184136683,-129.98025500613434,-133.23586680494242,-136.3286134107532,-139.26664196990956,-142.05769206696547,-144.7091161151592,-147.22789872638165,-149.62067511178248,-151.8937485615748,-154.0531070501646,-156.10443901039997,-158.05314831854534,-159.904368529501,-161.66297639978737,-163.333604733957,-164.9206545882893,-166.42830686393393,-167.86053332006392,-169.22110703605398,-170.51361235026084
329,0.46406250000000004,-16.012746282702285,-26.925778463900514,-37.26499010489873,-47.0808278659453,-56.40436510396909,-65.26132183798325,-73.67527632984407,-81.66843585535749,-89.26185464681801,-96.47552502219659,-103.32843787999094,-109.83863433385768,-116.02325348059577,-121.8985775111697,-127.48007452043613,-132.78243917653054,-137.819631364413,-142.60491290453788,-147.15088244137914,-151.4695085919495,-155.57216144027365,-159.4696424596918,-163.17221294100418,-166.6896210007196,-170.03112724003174,-173.20552912172732,-176.221184128914,-179.086031766313,-181.80761446185554,-184.39309742347098,-186.84928750321816,-189.18265111833205,-191.39933127629365,-193.50516374866953,-195.50569243626435,-197.4061839659858,-199.21164155781833,-200.9268181983904,-202.5562291557855,-204.1041638685335
330,0.46328125000000003,-18.617796818898448,-31.30570355333669,-43.32619230540366,-54.73797285325582,-65.57721324561957,-75.8738472452866,-85.65531185242287,-94.94744546192074,-103.77474249457497,-112.16046015928583,-120.12668934465322,-127.69441505094633,-134.88357222302233,-141.71309842372656,-148.20098378210722,-154.3643184172072,-160.21933747975677,-165.781463935563,-171.06534920531595,-176.08491176896092,-180.85337383707054,-185.38329618630908,-189.6866112511485,-193.77465455931647,-197.65819459399412,-201.34746116161864,-204.8521723401541,-208.1815600789329,-211.3443945175884,-214.3490070882195,-217.20331246169226,-219.91482939593996,-222.4907005412255,-224.9377112545534,-227.26230747283302,-229.47061269188646,-231.568444096043,-233.561327880831,-235.45451380913042,-237.25298903914867
331,0.4625,-21.196222737303078,-35.641806265291336,-49.3277736545883,-62.320912384472074,-74.66236206507222,-86.38617409535094,-97.52356353722529,-108.1039297803223,-118.15514527462645,-127.70367631643079,-136.7746632340996,-145.3919888146202,-153.57834159162041,-161.3552756025961,-168.7432670901995,-175.76176836333238,-182.42925897140321,-188.76329432665182,-194.7805519008389,-200.4968751162734,-205.9273150454458,-211.08617002802512,-215.98702330876537,-220.6427787948437,-225.06569502629506,-229.26741744864026,-233.25900907238986,-237.05097959992474,-240.65331309625898,-244.07549427640149,-247.3265334784052,-250.41499038776274,-253.34899657554442,-256.1362769095427,-258.7841698947593,-261.29964699674133,-263.6893309986073,-265.95951344007614,-268.1161711843819,-270.1649821566834
332,0.46171875,-23.739875869363594,-39.918489260255406,-55.24608579266768,-69.79752267254186,-83.61891515315715,-96.74842988048192,-109.22105038374616,-121.06972216459954,-132.32567727845372,-143.0185704010885,-153.17656917720012,-162.8264312449735,-171.99357540501325,-180.70214876644124,-188.97509042221824,-196.83419190855278,-204.30015462909444,-211.3926444012237,-218.13034327033952,-224.53099872976455,-230.61147047666833,-236.38777482766022,-241.87512691144138,-247.08798074996488,-252.0400673338902,-256.74443079281895,-261.21346275572324,-265.4589349921912,-269.49203042055353,-273.3233725646507,-276.96305353688143,-280.4206606212917,-283.70530152677406,-286.8256283769111,-289.78986049969575,-292.6058060771713,-295.28088271203285,-297.82213696538844,-300.23626291714316,-302.52961979791576
333,0.4609375,-26.249017420483128,-44.13809045435142,-61.086435032026024,-77.17676768510707,-92.46004063785142,-106.97842673126831,-120.77058537638578,-133.87292681991684,-146.31996988688175,-158.14449167863714,-169.37762695517833,-180.04895293173874,-190.18656769664977,-199.8171642463494,-208.9661007286501,-217.65746716346723,-225.91414883228163,-233.7578865043463,-241.20933365672246,-248.28811083721305,-255.01285731206383,-261.40128013340194,-267.4702007548554,-273.2355993175235,-278.71265672243294,-283.9157945999132,-288.85871328085125,-293.5544278695835,-298.0153025132253,-302.2530829575368,-306.27892747492217,-310.10343624590695,-313.73667927138814,-317.1882228890771,-320.4671549639165,-323.5821088187518,-326.5412859682338,-329.3524777157913,-332.02308567050926,-334.5601412379251
334,0.46015625000000004,-28.715590681294284,-48.28516418279944,-66.82536874671177,-84.42674748749812,-101.1450785474183,-117.02652614584468,-132.11340465626253,-146.4455635673789,-160.06078001347834,-172.9949233065362,-185.28206418469236,-196.95456795454368,-208.04318055730727,-218.57710977363777,-228.58410223347644,-238.09051653832498,-247.12139271389992,-255.70051818302804,-263.85049043496247,-271.5927765573643,-278.94776978851144,-285.93484323918364,-292.57240092611846,-298.8779262517704,-304.8680280582747,-310.55848437711484,-315.9642839898651,-321.0996659095961,-325.97815688702065,-330.6126070402528,-335.0152237020784,-339.19760357394,-343.1707632713789,-346.94516834140484,-350.53076082826743,-353.9369854602511,-357.1728145264843,-360.24677150931274,-363.16695353448466,-365.94105269830146
335,0.45937500000000003,-31.139978173385913,-52.362248615270175,-72.46847818245737,-91.55680248424977,-109.68767222192028,-126.91112166922308,-143.27301623844974,-158.81655255238863,-173.58268299131865,-187.61029338017843,-200.9363209546835,-213.59585500517377,-225.62222994084362,-237.04711314608176,-247.90058833264547,-258.21123470866905,-268.0062021925147,-277.31128287154763,-286.1509788927375,-294.5485669623329,-302.5261596232059,-310.1047634702152,-317.30433445613704,-324.14383043323244,-330.6412610683322,-336.81373526253714,-342.67750620011765,-348.24801414501536,-353.53992709745904,-358.5671794176163,-363.34300851786224,-367.8799897201908,-372.19006937049096,-376.284596296804,-380.1743516943633,-383.8695775160625,-387.3800034430701,-390.7148725065956,-393.8829654282371,-396.89262374299676
336,0.45859375,-33.51426431886233,-56.35414498936131,-77.99265104036512,-98.53545326675565,-118.04764880926845,-136.58311484319782,-154.19123570437282,-170.91851918347126,-186.8090545853078,-201.90470471205958,-216.24523333811192,-229.8684138958176,-242.81012990826696,-255.10446975216902,-266.78381652743775,-277.878933391508,-288.4190446122518,-298.4319125607358,-307.9439108491881,-316.9800938080226,-325.5642624856703,-333.7190273455437,-341.4658678256587,-348.825188918099,-355.816374917552,-362.45784048067645,-368.767079130924,-374.7607093366894,-380.45451828423734,-385.86350346078433,-391.0019121573128,-395.88327899521124,-400.5204615756368,-404.9256743455089,-409.1105207693813,-413.0860238919409,-416.86265537165133,-420.45036306203656,-423.85859721325585,-427.09633536299816
337,0.4578125,-35.83895059712824,-60.26357607963653,-83.40372902763308,-105.37235908975208,-126.23904274589263,-146.06136722489433,-164.8921211650606,-182.78102124396796,-199.77520091235849,-215.91941497494756,-231.25617541305635,-245.82586725520375,-259.66685571393634,-272.8155873218343,-285.3066858786998,-297.17304358074205,-308.4459075950979,-319.1549623106089,-329.3284074804207,-338.9930324607363,-348.17428674000865,-356.896346943313,-365.1821804876091,-373.0536060549689,-380.53135104254903,-387.6351061402568,-394.3835771795534,-400.794534389712,-406.88485919105733,-412.6705886482771,-418.1669577007387,-423.3884392809295,-428.34878242659664,-433.0610484868693,-437.537645517671,-441.79036095694613,-445.83039266570603,-449.6683784166203,-453.3144239077695,-456.7781293753168
338,0.45703125,-38.10631136393214,-64.07568373149722,-88.6790826674264,-112.03665515171718,-134.2224159783412,-155.2976231080843,-175.31842636852838,-194.33770511657843,-212.40558900259484,-229.5696762210913,-245.87517842602728,-261.3650442899505,-276.08007368417265,-290.05902541546976,-303.33871940133054,-315.9541336901992,-327.93849661493726,-339.3233743307554,-350.1387539709135,-360.41312264043717,-370.1735424566624,-379.4457218347311,-388.2540832061749,-396.6218273492532,-404.57099450068455,-412.12252240991654,-419.29630148897786,-426.11122720328717,-432.58524984148494,-438.73542179546797,-444.57794247519513,-450.1282009766217,-455.4008166151921,-460.40967743166226,-465.16797677172167,-469.68824803576905,-473.98239769038764,-478.0617366284935,-481.93700996075603,-485.61842531677854
339,0.45625000000000004,-40.31696396470431,-67.79335853758616,-93.82476811233794,-118.5382600050673,-142.0121075124393,-164.31109577422947,-185.4946111954995,-205.61858398901043,-224.73603808280524,-242.8973213333478,-260.15025836727824,-276.54028096436895,-292.11054860642025,-306.90206226939586,-320.9537723740792,-334.30268131359327,-346.9839408548311,-359.03094467413104,-370.4754162700999,-381.34749248373845,-391.6758028446462,-401.4875449512994,-410.80855608318865,-419.6633812328702,-428.07533773662755,-436.06657667361435,-443.65814119489573,-450.8700219357838,-457.72120965720273,-464.2297452545919,-470.412767265908,-476.28655700374867,-481.8665814303843,-487.1675338885213,-492.2033727950288,-496.98735839946943,-501.5320877041991,-505.84952763797725,-509.9510465704089,-513.8474442501998
340,0.45546875000000003,-42.463420319999784,-71.40217455656595,-98.81877822583598,-124.84711374711745,-149.5696572420714,-173.0546697815366,-195.36472050273954,-216.55873431023286,-236.6925721341885,-255.81927410297857,-273.98922100546486,-291.25027196174125,-307.6478916467556,-323.2252703365984,-338.02343775946775,-352.08137120367854,-365.43609820351196,-378.1227940826231,-390.17487461479027,-401.62408404730394,-412.5005787195721,-422.8330064976509,-432.64858223428143,-441.9731594534857,-450.831298448717,-459.24633097411066,-467.24042169934955,-474.8346265901229,-482.0489483680196,-488.9023891960138,-495.4130007283526,-501.59793165672,-507.4734728779567,-513.0551004023133,-518.3575161152947,-523.3946865004696,-528.1798794252513,-532.725699086564,-537.0441192084367,-541.1465145789817
341,0.4546875,-44.54640983513613,-74.90517237769582,-103.66734626771596,-130.97333307679304,-156.9096203377215,-181.54779167953666,-204.95346513736882,-227.188439631037,-248.31130265596119,-268.3776847092898,-287.4404282084585,-305.54973158265716,-322.75328249056577,-339.096383567055,-354.6220717117576,-369.3712313828076,-383.38270222466946,-396.69338131819785,-409.33832032167294,-421.3508177573697,-432.7625066855799,-443.60343799604937,-453.9021595354815,-463.68579127897107,-472.9800967428841,-481.8095508269342,-490.1974042638447,-498.1657448461223,-505.73555559100197,-512.9267699966163,-519.7583245347815,-526.2482085185529,-532.4135114758055,-538.2704681535239,-543.8345012712812,-549.1202621364465,-554.1416692280458,-558.9119448508626,-563.4436499562748,-567.7487172215124
342,0.013281250000000001,53.86471288543499,90.57348504170632,125.35143832016541,158.36839611423068,189.72897491603626,219.51976056625014,247.82011942228849,274.7047956424133,300.24464710651563,324.5069537911597,347.55562252306856,369.4513615704527,390.251841993549,410.0118498985138,428.78343083797785,446.616026930654,463.5566071058939,479.64979082728394,494.9379656243453,509.4613987431194,523.2583432103639,536.365138591144,548.8163067055181,560.6446425566522,571.8813007100468,582.5558773515215,592.696488240207,602.3298427619488,611.4813142782423,620.1750069560427,628.4338192545243,636.2795042360341,643.7327268601251,650.8131184116027,657.53932820595,663.9290727083473,669.9991821956573,675.7656450843015,681.2436500407822,686.4476259857734
343,0.0125,55.49119808452453,93.3088200119628,129.1375322802415,163.1522438414953,195.46069977850954,226.15207738769325,255.30812129987083,283.0058177503429,309.31815183231583,334.31442460209604,358.06046361542394,380.61880250387617,402.04884698432426,422.4070315471149,441.74696808902576,460.11958707102974,477.57327161251436,494.1539848822101,509.90539112159087,524.8689706185415,539.084128933145,552.5883006624733,565.4170480170634,577.6041544682147,589.1817137123796,600.1802141866477,610.6286193576808,620.554443995359,629.9838266318663,638.9415983969184,647.451348410323,655.5354859040057,663.2152992370372,670.5110119590348,677.4418360695282,684.0260226135285,690.2809097465016,696.2229683953144,701.8678456353763,707.2304058981949
344,0.01171875,57.03034757191571,95.89651302619545,132.7183919100014,167.6757865433858,200.8794606123423,232.4210877783772,262.38469811979525,290.8494280007382,317.89029920638694,343.57854541781364,367.9818289827538,391.1644257561766,413.18739592491033,434.10874520305504,453.98357771395774,472.86424116437973,490.80046474034043,507.8394900993518,524.0261958073114,539.4032155490061,554.0110504241968,567.8881756254591,581.0711417790503,593.5946712159372,605.4917494267212,616.7937119414723,627.5303268634102,637.7298732738927,647.4192157152896,656.6238749479709,665.3680951678174,673.6749078613292,681.5661924665447,689.062733999568,696.184277798499,702.9495815289744,709.3764645883006,715.481855038318,721.2818341906155,726.7916789615319
345,0.010937500000000001,58.483287564462714,98.34000973733114,136.10056730232816,171.94930341503434,205.99977494481956,238.3459692366038,269.07403983273855,298.26512505177385,325.99614614229944,352.34014153188076,377.36648874673335,401.14109369320306,423.7265656349412,445.18238234222815,465.565046748942,484.9282357292476,503.3229414283702,520.7976055274959,537.3982467969228,553.1685822725836,568.1501423742112,582.3823802676019,595.9027757584479,608.746933990911,620.9486792105344,632.5401438381591,643.5518530892166,654.0128053610816,663.9505486000522,673.3912528489683,682.3597791664383,690.8797450991016,698.9735868792933,706.6626185118686,713.9670879057451,720.9062301979666,727.4983184106813,733.7607115744306,739.709900444455,745.3615509304045
346,0.010156250000000002,59.844371286124186,100.62830733466984,139.26709287347722,175.94940060496054,210.79145851093972,243.88946287215097,275.3315894114697,305.2008787940257,333.5760541731938,360.5318637524359,386.13930823689947,410.46583478363584,433.57551624712755,455.52922032240764,476.3847699658904,496.1970957290596,515.0183804554284,532.8981967338055,549.8836374731899,566.0194399443852,581.348103615634,595.9100020930015,609.7434894606251,622.8850013011083,635.3691506622962,647.228819223312,658.4952439000765,669.1980991184864,679.365574972013,689.0244514696225,698.2001690696198,706.9168956852174,715.1975903383405,723.0640636293497,730.5370351819521,737.6361882146324,744.380221382334,750.7868980249518,756.8730929523518,762.6548368891488
347,0.009375000000000001,61.11480824311169,102.76490089107484,142.22449759699373,179.6862391787342,215.26879417226334,249.07038050377653,281.18102945800456,311.6855311881922,340.66426884946225,368.1935679307426,394.34592818958123,419.1902214717323,442.7918745772655,465.21304185284436,486.512768906873,506.74714808785956,525.9694661803998,544.2303447162639,561.577873270895,578.057736095695,593.7133324188244,608.5858907306866,622.7145773545732,636.1365995880011,648.887303686066,661.0002679446155,672.5073911281899,683.438976475462,693.8238115032823,703.6892438194004,713.0612531434442,721.9645197257556,730.4224893442196,738.4574350502153,746.0905158262613,753.3418323098068,760.2304797298957,766.7745981960928,772.9914204720983,778.8973173598462
348,0.00859375,62.289434702189304,104.73969505247241,144.9571666063309,183.13822921342583,219.40385856191907,253.8541804642671,286.58097264975913,317.67066810571737,347.20520599390056,375.2623881873785,401.9161160006836,427.2365920539346,451.2905068341785,474.1412147434036,495.84890106918823,516.4707405387225,536.0610479247839,554.6714211125878,572.3508770076406,589.1459806437063,605.1009678314824,620.2578616713736,634.656583237489,648.3350567245709,661.3293093349401,673.6735661686587,685.4003403669221,696.5405187461779,707.1234431485676,717.1769877230084,726.727632340491,735.80053233699,744.4195847676984,752.6074913471159,760.3858182407702,767.7750528660735,774.7946578519253,781.4631222991907,787.7980104770734,793.8160080836453
349,0.0078125,63.369536012117265,106.55621278703,147.4715675414985,186.31535105363724,223.210611887113,258.25919299501214,291.5544483233755,323.18429709251717,353.23208876731627,381.7769653184518,408.89410174243903,434.6549111997152,459.12723464225974,482.37551978474,504.4609908684748,525.4418098828945,545.3732297161307,564.3077396472202,582.2952035641213,599.3829912710236,615.6161032300774,631.0372890654739,645.6871601415188,659.6042965108174,672.8253485139539,685.385133298019,697.316726507996,708.6515493923524,719.4194515521147,729.6487895512722,739.3665015954582,748.5981784755252,757.3681309627949,765.6994538334421,773.6140866905872,781.1328717442501,788.2756087013158,795.0611069100436,801.5072348964383,807.6309674229223
350,0.00703125,64.35046330677847,108.20532840276279,149.75353244887626,189.19795168367077,226.66356363567343,262.25380633012225,296.0634936530532,328.18191801694064,358.6937294013051,387.67930366644663,415.21498710263177,441.3733049635732,466.2231541933764,489.829985294051,512.2559748165386,533.5601891575163,553.7987401458286,573.0249328408412,591.2894059353116,608.6402651336781,625.1232098575817,640.7816536126553,655.6568383338375,669.78794301054,683.2121868779001,695.9649274460145,708.0797536254164,719.5885741941489,730.5217018394798,740.9079329956592,750.774623688029,760.1477615832692,769.0520344355702,777.5108951090286,785.5466233475305,793.1803844548324,800.432285039395,807.3214259708045,813.8659526872635,820.0831029866558
351,0.00625,65.2335698749618,109.6905710972344,151.8094278607701,191.79576935907073,229.77626553489478,265.8557564599839,300.1303431713494,332.6905318931847,363.6221245113173,393.0065915304059,420.92131969642185,447.43982318857303,472.63193883937,496.56401038124153,519.2990632126618,540.8969703686997,561.4146101819593,580.90601605885,599.422518766919,617.0128816075853,633.7234288296778,649.5981676214544,664.6789040019781,679.0053529167424,692.6152428272458,705.5444150697705,717.8269182448794,729.4950978860941,740.579681643804,751.1098602086674,761.1133641875613,770.6165371344824,779.6444049286947,788.2207416827981,796.3681323542676,804.1080322253298,811.4608234078015,818.4458685216919,825.0815616889099,831.3853769763755
352,0.0054687500000000005,66.01475037315423,111.00384111274784,153.62662013994216,194.091209269279,232.52581732928442,269.0365568162291,303.7206932021915,336.66982779630666,367.97079949013926,397.7060625775791,425.95393761535155,452.78882534014093,478.28140437285157,502.4988177842665,525.5048500429058,547.3600950446713,568.1221157204225,587.8455956545422,606.5824831171392,624.3821278902941,641.291411249207,657.3548694408712,672.6148109857015,687.1114281112125,700.882902611358,713.9655064104396,726.3936970965196,738.2002086760116,749.416137788526,760.0710256090798,770.1929356534147,779.8085276913707,788.9431279630096,797.6207958824392,805.8643874050349,813.6956152249674,821.1351059615909,828.2024544853219,834.9162755260905,841.2942527003011
353,0.004687500000000001,66.69541773670451,112.14865220171973,155.2113355390202,196.09370755934216,234.9252786007994,271.8132394612202,306.8558457569768,340.1456326998596,371.7703255853491,401.81322114618945,430.353440750503,457.4661463453692,483.22274006564015,507.6910526199999,530.9355219816873,553.0173630848093,573.9947290235451,593.9228641890195,612.8542497486653,630.8387418509684,647.9237029190804,664.1541263786355,679.572755147911,694.2201942021034,708.1350175079649,721.3538696102477,733.9115621373668,745.841165480328,757.1740958862815,767.9401981960041,778.1678244431497,787.8839085222228,797.1140371218786,805.8825171103396,814.2124395503573,822.1257405123,829.6432588454956,836.7847910599745,843.5691434631289,850.0141816885871
354,0.00390625,67.27203577152132,113.11798149166694,156.55255472685948,197.7878396635684,236.9544859199059,274.1606261916397,309.5053778182987,343.0820862154924,374.9792437639036,405.28087480446254,434.06679126232723,461.412810627869,487.390957418698,512.0696532927969,535.513897361997,557.785437418341,578.9429325786829,599.0421077886587,618.1359005962131,636.274600582251,653.50598181607,669.8754286846787,685.4260554275884,700.1988196920213,714.2326304077307,727.56445026562,740.2293930701344,752.2608162218776,763.6904085740751,774.548273894309,784.8630101513738,794.6617848360962,803.9704065145156,812.8133928018984,821.2140349366229,829.1944591240202,836.7756848117443,843.9776800501661,850.8194140835983,857.3189073108759
355,0.003125,67.74606877360172,113.91530643387459,157.65632629616033,199.1826823622184,238.62592670134288,276.09493981993916,311.6895260170787,345.5036788881094,377.6265062064463,408.1426173172408,437.13238034648856,464.6721415624579,490.8344281409611,515.6881395282962,539.2987289541422,561.7283758068992,583.0361493769659,603.2781644098343,622.5077288803782,640.7754843774036,658.1295394677686,674.6155963909324,690.2770714173023,705.1552091871118,719.289191330778,732.7162396566539,745.471714177824,757.5892062360053,769.1006269677483,780.0362913458516,790.4249980172852,800.2941051478398,809.6696024732182,818.5761797463012,827.0372917608249,835.0752201227044,842.7111319316666,849.965135527735,856.8563334493583,863.4028727426581
356,0.0023437500000000003,68.11456707315759,114.53471252582098,158.51329175317795,200.26504402534755,239.92225449637053,277.5944095702278,313.38186748364535,347.37914232214365,379.6758343986702,410.35702006061405,439.5035105095481,467.1920725085988,493.4956323650483,518.4834684225192,542.2213936311354,564.7719289170147,586.1944678626902,606.5454331450867,625.8784251463388,644.2443631298597,661.6916193538998,678.2661464760708,694.0115985845545,708.9694461748917,723.1790853752768,736.6779417081046,749.5015686611238,761.6837413278516,773.256545363927,784.2504614937192,794.6944457897936,804.6160059366943,814.0412736799194,822.9950736509269,831.5009887494417,839.5814222552868,847.2576568333266,854.5499105869457,861.477390307689,868.0583420613256
357,0.0015625,68.37903466902391,114.97961483409692,159.12927905032925,201.04358010051936,240.8553015055693,278.6743426846163,314.6014415932081,348.7314708894866,381.1543715502584,411.95554394304713,441.2161074772133,469.01312204159564,495.4197926832558,520.5056627723258,544.3367972213559,566.9759564793221,588.4827618111718,608.9138523093613,628.3230340529234,646.7614218069816,664.2775736356409,680.9176187825179,696.725379155478,711.7424847353552,726.0084832124672,739.560944139556,752.4355578753784,764.6662295794533,776.2851685054645,787.322972828439,797.8087102290723,807.7699944473985,817.2330580073976,826.2228213040535,834.7629582347912,842.8759585481376,850.5831870737896,857.904939990082,864.8604982770265,871.4681784956971
358,0.00078125,68.5371762248816,115.24536969952,159.4968716945947,201.50775024755632,241.41110838263833,279.3171094237716,315.32673227189775,349.5350757101958,382.0322944943241,412.90399153421043,442.2314782873582,470.0919968111108,496.5589249917872,521.7019702159472,545.5873530608841,568.277981729471,589.8336177436563,610.3110333456514,629.7641610244318,648.2442355622005,665.7999289752203,682.4774787045714,698.320809394546,713.3716485794855,727.6696365837979,741.2524309246498,754.155805492333,766.4137447695435,778.0585333377483,789.1208409063868,799.6298030888695,809.613098138125,819.0970198438056,828.1065467831514,836.6654081079093,844.7961460405718,852.5201752445428,859.8578392246011,866.8284639062002,873.450408534729
359,0.0,68.59054295567766,115.33530509953842,159.6215898211839,201.6656149948827,241.60057353383468,279.53670357875797,315.57505353880634,349.81078844667746,382.3341264622446,413.2307311537038,442.58197195010086,470.4651462613044,496.9536847867802,522.1173452746755,546.0223963046507,568.7317918169422,590.3053369001605,610.7998452856876,630.2692889654926,648.7649403275027,666.3355071825946,683.0272610385631,698.8841589586577,713.9479593254486,728.2583318147547,741.8529618691576,754.7676499461573,767.036405802277,778.6915380613735,789.7637393029988,800.2821668948569,810.2745197822177,819.7671114364886,828.784939155051,837.3517498948495,845.4901028130948,853.2214286797954,860.5660863185574,867.5434162243031,874.1717914991069
360,0.01484375,50.36698437875041,84.69204152054074,117.21165164278096,148.08461219268005,177.4087474712351,205.26502166601375,231.72764809184036,256.86651787682825,280.74788813154913,303.434670323033,324.98662174859794,345.4605088015243,364.91025785273126,383.387097624454,400.93969421910424,417.61427933893174,433.4547720762933,448.50289460581513,462.7982820862775,476.37858706291996,489.2795786458283,501.53523672607116,513.1778414780791,524.2380583842461,534.7450190058966,544.7263977135076,554.2084845784049,563.2162546180177,571.7734335771465,579.9025604185695,587.6250466876285,594.9612329071923,601.9304421515654,608.5510309404839,614.8404375872548,620.8152281284152,626.4911399558852,631.8831232665552,637.0053804384917,641.8714034374734
361,0.0140625,52.15698697961114,87.70235054436509,121.37832172289019,153.34929688953972,183.71654505384507,212.5638836536726,239.9681444231916,266.0016868664635,290.7331099417397,314.22755006785883,336.54687897921707,357.7498724899484,377.89236651216714,397.0274043169735,415.2053762270277,432.4741522851078,448.8792082850401,464.4637455032511,479.2688044462672,493.3333729126765,506.6944886531256,519.3873368978923,531.4453430082478,542.900260495112,553.7822546364233,564.1199819131266,573.9406654727392,583.2701668190383,592.1330539165127,600.5526658888091,608.551174481456,616.1496424506483,623.368079031787,630.2254926338072,636.7399408980037,642.9285782531631,648.8077010921945,654.392790689218,659.6985539701006,664.7389622438013
362,0.0,46.55872668780167,78.28844345810032,108.34921626029035,136.88783755517215,163.99473633219677,189.74475595368276,214.20649914113136,237.4445730895296,259.5202256421096,280.4916118853819,300.4139711628074,319.3397780082315,337.3188816284611,354.39863751894643,370.6240322884495,386.037802188242,400.6805456972098,414.5908304693015,427.8052949280158,440.35874477675145,452.2842446799166,463.6132053567378,474.3754663175202,484.59937446052896,494.3118587367189,503.53850107912444,512.303603783859,520.6302535202984,528.5403821391197,536.0548244384263,543.1933730401596,549.9748305213747,556.4170589377261,562.5370268696312,568.3508541150436,573.8738541465772,579.1205744448195,584.1048348140815,588.8397637815145,593.3378331754714
363,0.015625,48.501210739701996,81.55516700607032,112.87077360259924,142.60090076607094,170.8397170742424,197.665163342715,223.14868471451106,247.35756784078296,270.35560260820813,292.203359209279,312.9583720960694,332.6752968917066,351.406055455494,369.1999728088296,386.10390702614916,402.1623725963315,417.4176576133182,431.9099351101042,445.67736882904603,458.75621370587993,471.1809113309954,482.9841806384988,494.1971040612349,504.8492093781359,514.9685474690415,524.581766181439,533.7141805034029,542.3898392273312,550.6315882798779,558.4611308847254,565.8990847165381,572.965036196514,579.6775920724577,586.0544284191524,592.1123371880171,597.8672704286072,603.3343822983734,608.5280689712905,613.4620065504271,618.1491870842829
364,0.0,44.54640842246386,74.9051687806689,103.66733969660562,130.97332277275157,156.90960557367103,181.54777176088695,204.953439402486,227.18840745144422,248.31126343634455,268.37763788732656,287.4403732545099,305.54966799934584,322.75320981224513,339.09630135921464,354.62197957034834,369.37112893351576,383.3825891221521,396.6932572452749,409.33818498849325,421.3506709005633,432.76234806738773,443.60326740344203,453.9019767792816,463.68559619296593,472.97988918294527,481.80933067014,490.1971714076131,498.1654992073512,505.73529710522513,512.9264986171693,519.7580402319851,526.2479112789141,532.4132013012323,538.270145060564,543.8341652903746,549.119913311199,554.1413076145249,558.9115705169108,563.4432629808456,567.7483176940244
365,0.03828125,-23.740486383239197,-39.91979659201874,-55.24819376803914,-69.80050685657478,-83.62283118485671,-96.75331871429188,-109.22694176926976,-121.07663707247634,-132.33362966402086,-143.02756853180392,-153.18661666014017,-162.83752784022911,-172.0057176812403,-180.7153306369117,-188.9893035882714,-196.8494262299837,-204.31639843594286,-211.4098847579302,-218.14856620074463,-224.55018940960443,-230.63161339883703,-236.4088539445083,-241.89712575757602,-247.1108825483889,-252.06385508784783,-256.7690873653163,-261.23897093838127,-265.48527756483287,-269.51919020271856,-273.35133246005967,-276.99179657172476,-280.450169977107,-283.7355605685592,-286.85662067705226,-289.8215698582046,-292.63821653866574,-295.31397857985064,-297.85590281316195,-300.2706835981383,-302.56468045239467
366,0.037500000000000006,-21.194990881810707,-35.639170184930464,-49.32352546866248,-62.31490124183309,-74.6544772665502,-86.37633448403558,-97.51171045895944,-108.090022179614,-118.13915613237322,-127.68558997133253,-136.754473311515,-145.36969658892315,-153.5539546679511,-161.3288068404058,-168.71473371393353,-175.7311912207569,-182.39666191023815,-188.72870366727741,-194.743995987922,-200.45838393586442,-205.88691989682928,-211.04390324172255,-215.94291800368543,-220.59686866881412,-225.01801417521855,-229.2180002102934,-233.20788989152186,-236.998192911829,-240.59889322641274,-244.01947535411963,-247.26894936274246,-250.35587460414652,-253.28838226181466,-256.0741967702596,-258.7206561627802,-261.2347314011907,-263.62304473848417,-265.8918871628185,-268.0472349688027,-270.0947654997553
367,0.03671875000000001,-18.618423201661933,-31.30704489862366,-43.32835516914759,-54.74103479812532,-65.58123139111478,-75.87886364471811,-85.66135706257488,-94.954541031631,-103.78290277398465,-112.16969366158207,-120.13699980013921,-127.70580224148188,-134.8960326545452,-141.7266258761903,-148.21556976443125,-154.37995254727963,-160.23600780432687,-165.7991572012729,-171.08405108956623,-176.10460707743442,-180.87404667332135,-185.4049300977954,-189.70918935526407,-193.7981596523313,-197.68260924533286,-201.3727677954953,-204.87835330626325,-208.2085977136356,-211.37227119681677,-214.37770527314703,-217.23281473806983,-219.9451185078779,-222.52175942008836,-224.96952304356023,-227.29485554786973,-229.50388067897686,-231.60241588587667,-233.59598764068568,-235.48984599249934,-237.28897839333916
368,0.035937500000000004,-16.01148690952348,-26.923083533630493,-37.26064712786024,-47.074682658054925,-56.39630453086933,-65.25126296750041,-73.66315923468213,-81.65421859908177,-89.24550964173379,-96.45703629073297,-103.30779893715116,-109.81584651289343,-115.99832458524257,-121.87152071510044,-127.45090745805379,-132.75118318471823,-137.78631084524545,-142.5695547862239,-147.1135157198953,-151.43016393961395,-155.53087087030286,-159.42643903794536,-163.12713053775522,-166.6426940765559,-169.98239066102272,-173.15501799978648,-176.16893368393795,-179.0320772072074,-181.75199088398855,-184.33583972045395,-186.7904302912088,-189.12222867130666,-191.3373774709367,-193.44171201771604,-195.44077572927046,-197.33983471663723,-199.14389165699887,-200.8576989723181,-202.4857713486167,-204.03239762889982
369,0.03515625,-13.381571259983167,-22.501274888422024,-31.14138289893541,-39.344066129163885,-47.13530160067477,-54.536590286250124,-61.56764178113618,-68.24701888949416,-74.59232004326842,-80.62025564574479,-86.346698755598,-91.786728329872,-96.95466921166388,-101.86412988116501,-106.5280382720318,-110.95867579080688,-115.16770963716384,-119.16622351083419,-122.96474678544683,-126.57328222538374,-130.00133231804514,-133.25792429040985,-136.35163387541232,-139.29060789045363,-142.08258568729033,-144.73491952962314,-147.25459395191285,-149.64824415029966,-151.9221734539676,-154.08236992290145,-156.13452211567963,-158.08403406878722,-159.93603952685436,-161.69541546126206,-163.3667949126927,-164.95457919141884,-166.46294946744484,-167.8958777810041,-169.2571375023955,-170.55031326869639
370,0.034375,-10.72926680657786,-18.041007145948942,-24.968044554996524,-31.544233076350764,-37.79042993023757,-43.723895858847065,-49.36045032102153,-54.714989835354096,-59.801635182451164,-64.63379323326681,-69.22419801093093,-73.5849456653319,-77.727526758275,-81.66285670129521,-85.40130460424626,-88.95272065558042,-92.32646211980362,-95.53141802588961,-98.57603261450697,-101.46832760765479,-104.21592336066897,-106.82605895328439,-109.30561127340418,-111.66111314441456,-113.89877054423212,-116.02447896179356,-118.04383893434512,-119.962170806686,-121.7845287514186,-123.51571408729124,-125.16028793082693,-126.72258321467204,-128.20671610440044,-129.61659684391597,-130.9559400580821,-132.22827453976114,-133.43695254708953,-134.58515863551042,-135.67591804785906,-136.71210468463008
371,0.033593750000000006,-8.062217492468262,-13.556777063332186,-18.76241369696399,-23.70452828619458,-28.398767111309255,-32.85808086031398,-37.094341703550946,-41.118731416242376,-44.94185113970859,-48.57376728310585,-52.02404199511567,-55.30175917095847,-58.41554851022418,-61.37360823539066,-64.1837266505178,-66.85330262150474,-69.38936503573126,-71.79859129206491,-74.08732486903308,-76.26159201661993,-78.32711761501237,-80.28934024157662,-82.15342648537005,-83.92428454660156,-85.60657715662782,-87.20473385233699,-88.72296263709917,-90.16526105888298,-91.53542673461578,-92.83706734843648,-94.07361015009971,-95.2483109785035,-96.36426283405642,-97.4244040224247,-98.43152589107945,-99.38828017898808,-100.29718599878956,-101.16063646981837,-101.98090501943217,-102.76015136922629
372,0.0328125,-5.380897217035945,-9.047701977991348,-12.521505735571973,-15.81930288744281,-18.951564875385078,-21.92695654405491,-24.75341801187339,-27.43842520707116,-29.989064050229068,-32.41206169706225,-34.713807292999846,-36.900369628864915,-38.97751341759768,-40.95071462398096,-42.825174982890964,-44.60583577070449,-46.29739087541875,-47.90429920436659,-49.4307964648941,-50.88090635087244,-52.25845116584522,-53.56706191179252,-54.810187870842114,-55.991105705757704,-57.11292810363089,-58.17861198591289,-59.19096630669651,-60.15265946002757,-61.06622631594144,-61.93407490392092,-62.75849276149879,-63.541652964841035,-64.2856198572803,-64.9923544909623,-65.6637197960049,-66.30148549083343,-66.90733274667659,-67.48285861854372,-68.02958025438933,-68.548938893583
373,0.03203125,-2.6931574845631103,-4.5286972283658935,-6.267768027703682,-7.918844225323055,-9.487144895387232,-10.97699059551373,-12.392342874954444,-13.736933540328877,-15.01430108247865,-16.22780585338564,-17.38064013763585,-18.475836763124335,-19.516277080708498,-20.50469851013627,-21.443701708147383,-22.335757383298745,-23.1832127750273,-23.988297812740125,-24.753130970005394,-25.47972482837987,-26.16999136486099,-26.825746976386778,-27.448717254228207,-28.040541520553617,-28.60277713887635,-29.136903609557304,-29.64432646099621,-30.126380946644833,-30.58433555747685,-31.019395359093227,-31.4327051621775,-31.825352534603912,-32.1983706630822,-32.55274107183674,-32.88939620545171,-33.20922188265199,-33.513059627464,-33.80170888387189,-34.07592911978586,-34.33644182585152
374,0.03125,0.0006473814761904944,0.0013852517566325813,0.0022322768227387613,0.0031584804109581095,0.004142759425155256,0.005169588707506676,0.006227144038766666,0.0073061794381335055,0.008399321703324742,0.009500605798544316,0.010605155481510052,0.01170895537921683,0.012808683050939672,0.013901581863111733,0.0149853625863994,0.016058125766558396,0.017118299521627557,0.01816458902318303,0.01919593500046541,0.020211479320765998,0.02121053619651039,0.02219256792014475,0.023157164285619758,0.02410402503453685,0.025032944810768433,0.0259438002046671,0.02683653855779723,0.027711168252277082,0.028567750267509264,0.029406390813219625,0.030227234894676755,0.031030460675396894,0.03181627453321426,0.03258490671951126,0.03333660754055067,0.03407164400010333,0.03479029684127162,0.03549285794320215,0.036179628028538746,0.036850914642817006
375,0.030468750000000003,2.6925067228149486,4.52730350064714,6.265520460599448,7.915662057473301,9.482968600875047,10.97177630156657,12.386058655966574,13.729556834192941,15.00581681215453,16.218205013022658,17.3699186980863,18.463994805443157,19.503318097720857,20.490628835261873,21.42853004280881,22.319494402126573,23.16587079346352,23.9698905053514,24.733673130488675,25.4592321641853,26.148480320803717,26.8032345827135,27.425220995454207,28.016079222036645,28.577366868619375,29.1105635931377,29.617075007862177,30.098236386282323,30.555316184182942,30.98951938426057,31.40199067316448,31.793817459378573,32.16603273994249,32.51961782360202,32.855504917590295,33.174579584886125,33.477683078439874,33.76561455853969,34.03913319917399,34.29896018895104
376,0.029687500000000002,5.382187976415285,9.050463909952786,12.525956470078302,15.825600287063295,18.959824726922513,21.93726368003013,24.765833689581083,27.452992249155876,30.00581057868973,32.43100394089621,34.73495175906955,36.92371481832091,39.003051207462676,40.97843139526719,42.8550525525184,44.637852168639235,46.3315209977893,47.94051536585419,49.469068868387225,50.92120348849441,52.30074016257359,53.61130882069798,54.85635792729746,56.03916354664739,57.1628379565629,58.23033783259907,59.244472024011436,60.207908941706286,61.12318357744301,61.99270417260343,62.81875855396488,63.60352015304374,64.3490537247716,65.05732078048727,65.73018474948213,66.3694158826416,66.97669591104325,67.55362247174354,68.10171331237164,68.62241028557095
377,0.02890625,8.061570718399706,13.555391866427787,18.760179874125182,23.701365561365993,28.39461631359072,32.85289837607398,37.08809579329001,41.11139964684343,44.93341851757453,48.5642248489846,52.013385736346486,55.28998916029773,58.40266821170246,61.359623936641455,64.16864699308235,66.8371382084539,69.37212810130086,71.7802954216885,74.0679847608102,76.2412232771883,78.30573658423062,80.26696384151138,82.13007208992556,83.89996986877733,85.5813201509115,87.17855263014333,88.6958753935062,90.13728600917852,91.50658205939769,92.80737114617783,94.04308039625987,95.21696549037748,96.33211924066966,97.39147973887216,98.39783809677665,99.35384579937865,100.26202169009903,101.12475860650211,101.94432968400275,102.72289434417847
378,0.028125,10.730545580004515,18.043743416300313,24.972453917633995,31.55047191349573,37.79861293881298,43.73410706899802,49.37275040684816,54.729421207883355,59.818225689055055,64.6525589392938,69.24514535045307,73.60807314165415,77.75282631270437,81.69031483078925,85.4309032846782,88.98443811165731,92.36027347211062,95.56729583814061,98.61394735882598,101.50824806186569,104.25781694870902,106.8698920376857,109.35134940712544,111.70872128799788,113.94821325324045,116.07572054865635,118.09684360808956,120.01690279348729,121.84095239847208,123.57379395213276,125.21998885794316,126.78387040097562,128.26955515493972,129.68095381901117,131.02178151291852,132.29556755735143,133.50566476539305,134.65525826941075,135.7473739066138,136.78488618532964
379,0.02734375,13.380932436858473,22.499906700958878,31.139176480606075,39.340942171589504,47.131201640848545,54.53147122726375,61.56147225458511,68.23977671946811,74.58399040255533,80.61082966800885,86.33617246105008,91.77510177471555,96.94194580250482,101.85031581432817,106.51314206964115,110.9427079132263,115.15068215668431,119.14814983513517,122.94564142198111,126.55316057974078,129.9802105207694,133.23581904782338,136.3285623408251,139.26658755278476,142.0576342746378,144.70905492571907,147.2278341237372,149.62060708538354,151.89367710614513,154.05303216543572,156.10436070085333,158.05306659316233,159.90428340151516,161.66288788644823,163.33351285629706,164.92055937089927,166.42820833474585,167.86043151013948,169.22100197938224,170.51350408356055
380,0.026562500000000003,16.01274578878101,26.925777211164885,37.26498782209461,47.08082429421096,56.404359996956835,65.26131496193833,73.6752674636292,81.66842479039526,89.26184118698184,96.47550898365057,103.32841909099376,109.83861263453277,116.02322872266647,121.89854955768523,127.48004324546794,132.78240446485668,137.81959311119587,142.60487101498725,147.15083683040885,151.4694591838376,155.57210816831187,159.4695852658356,163.17215177552916,166.68955582187323,170.03105801369264,173.20545582106655,176.22110673406218,179.085950264032,181.80752884521903,184.39300769154747,186.84919366076403,189.18255317549276,191.39922924830896,193.50505765559168,195.50558230268024,197.406069820749,199.2115234337903,200.92669613218794,202.55610318753938,204.1040340416527
381,0.025781250000000002,18.617796244098482,31.305702095261328,43.32618964820457,54.73796869544201,65.57720730020456,75.87383923988648,85.65530152928805,94.94743257787353,103.77472682088658,112.16044148149373,120.12666746233585,127.69438977745862,134.8835433851915,141.7130658615349,148.20094734834208,154.3642779770965,160.21929291059615,165.7814151263263,171.06529605625838,176.08485419122516,180.85331175228131,185.3832295261684,189.68653995703713,193.77457858189115,197.65811389279258,201.3473757046671,204.85208210358175,208.18146504659137,211.34429468068126,214.3489024449353,217.20320301684805,219.91471516063524,222.49058153250022,224.93758749506094,227.2621789905181,229.4704795196742,231.56830627153835,233.56118544602617,235.45436681012433,237.25283752587336
382,0.025,21.196222081838282,35.64180460225432,49.32777062347025,62.32090764103159,74.66235528151485,86.3861649604521,97.52355175637419,108.10391507545926,118.15512738410985,127.70365499483522,136.7746382519649,145.3919599581552,153.57830866236193,161.35523841705105,168.74322547945096,175.76172217262817,182.4292080597343,188.76323856631222,194.78049117697685,200.4968093264449,205.9272440991558,211.08609384626894,215.98694182357676,220.6426919488382,225.06560277222204,229.26731974893744,233.25890589874604,237.05087093284766,240.65319892465433,244.07537459715664,247.32640829598404,250.41485971381223,253.34886042850673,256.13613531428246,258.78402288219814,261.2994946035039,263.68917326667975,265.95935041647306,268.1160029208271,270.16480870929877
383,0.02421875,23.739875133354598,39.91848739250661,55.24608238803345,69.79751734402777,83.61890753213305,96.74841961683133,109.22103714592393,121.06970563957037,132.32565717155018,143.01854643579145,153.17654109486318,162.8263988044961,171.99353838246398,180.7021069546605,188.97504363038126,196.83413996171274,204.30009736771265,211.39258168068014,218.1302749604334,224.53092471421581,230.61139065260662,236.38768910511374,241.87503521283188,247.0878830095986,252.0399634974575,256.7443208168971,261.21334660728763,265.4588126481327,269.4919018672083,273.3232377973344,276.96291255943675,280.42051344564817,283.7051481725141,286.8254688708535,289.7896948754865,292.6056343748875,295.2807049778003,297.82195325100923,300.2360732797377,302.52942429957466
384,0.0234375,26.249016604377566,44.13808838279715,61.086431255230764,77.17676177323396,92.46003218127541,106.97841534076014,120.7705706831905,133.87290847569955,146.31994756358233,158.14446506823782,169.37759576940795,180.04891690171934,190.18652657248796,199.81711779670295,208.96604874025104,217.65740944062225,225.91408519635712,233.75781679323183,241.20925772428262,248.28802855273946,255.01276855971352,261.4011848116355,267.47009877588044,273.2354906067353,278.712541217862,283.9156722516782,288.85858405062004,293.5542917300408,298.0151594475538,302.25293295890395,306.2787705459801,310.10327239830656,313.7365085253003,317.18804527273204,320.4669705131518,323.5819175765752,326.54108798439995,329.35227304638977,332.02287437756945,334.5599233890302
385,0.022656250000000003,28.71558978546683,48.28516190833231,66.82536459933732,84.42674099467229,101.14506925862129,117.02651363280101,132.11338851304222,146.44554341035175,160.06075548116664,172.99489405937123,185.28202990469933,196.95452834496348,208.04313534215729,218.57705869724361,228.58404505995657,238.09045305104956,247.1213227149324,255.70044149254255,263.85040689064874,271.5926860138314,278.94767211667687,285.93473832566184,292.5722886726149,298.87780657447166,304.86790088724723,310.55834965570756,315.964141674122,321.0995159676757,325.9779992986294,330.61244179608474,335.0150508032695,339.19742303153726,343.1705751058171,346.9449725820033,350.5305575127362,353.93677463421267,357.17259624301056,360.246545828475,363.1667205229205,365.94081242879315
386,0.021875000000000002,31.139977198681795,52.36224613972894,72.46847366745982,91.55679541455692,109.68766210603171,126.91110803964425,143.2729986518253,158.81653058947333,173.5826562568362,187.6102615025725,200.93628358579022,213.59581181982338,225.62218063639605,237.04705744192793,247.90052596965774,258.2111654486225,268.00612581748845,277.3111991832997,286.1508877120657,294.54846812843317,302.5260529930148,310.1046489177512,317.30421187184714,324.14369972333446,330.6411221541654,336.81358807991757,342.6773506987034,348.24785028767906,353.5397548596751,358.56699878685515,363.3428194929996,367.8797923109332,372.1898635968091,376.28438218838784,380.17412929008697,383.8693468634654,387.3797645978557,390.7146255321431,393.8827103951316,396.89236072857153
387,0.02109375,33.514263266092875,56.35414231475101,77.99264616137482,98.53544562583407,118.04763787426842,136.5831001076922,154.19121668782105,170.91849543120898,186.80902566841192,201.9046702270964,216.2451929067976,229.86836716460235,242.81007654784563,255.10440945695456,266.78374901497864,277.87885840187386,288.4189619073963,298.43182192383074,307.94381208394196,316.97998673799526,325.56414695357114,333.71890321252675,341.4657349706241,348.8250472369892,355.81622432265607,362.4576808999396,368.7669105072674,374.7605316273372,380.4543314600591,385.863307505646,391.0017070674417,395.88306477857975,400.5202382513536,404.9254419432336,409.1102793287494,413.085773462006,416.86239601034583,420.4500948356472,423.858320195917,427.0960496362002
388,0.0203125,35.83894946778751,60.2635732093485,83.40372379031622,105.3723508857662,126.2390310025313,146.0613513967642,164.89210073429396,182.78099572024175,199.77516983277582,215.91937790379106,231.25613194144478,245.82581700066538,259.66679831990183,272.8155224570875,285.3066132367682,297.1729628792513,308.44581857510127,319.1548647358849,329.32830113675317,338.9929171551893,348.1741623001836,356.89621321660104,365.1820373404505,373.0534533721057,380.53118872628573,387.63493410972626,394.38339536999376,400.7943427517503,406.88465769000965,412.6703772634562,418.16673642477883,423.38820811912797,428.3485413962656,433.06079761671026,437.53738484716195,441.7900905357451,445.83011255307594,449.6680886808677,453.31412462570324,456.77782063172293
389,0.01953125,38.106310159527915,64.07568066933095,88.67907707873421,112.03664639556342,134.22240344218625,155.2976062082272,175.31840455036658,194.33767785465636,212.4055558005036,229.5696366112277,245.87513196924866,261.3649905751384,276.0800123277096,290.0589560606699,303.33864171780453,315.95404737318006,327.9384013845786,339.3232699313948,350.1386401703166,360.4129992290355,370.1734092467712,379.44557865976253,388.25392991985626,396.6216638248397,404.5708206301783,412.1223381032916,419.29610667341615,426.11102182242087,432.58503385465673,438.7351951769982,444.577705213667,450.12795307418463,455.4005580868739,460.40940830470765,465.167697084941,469.6879578389074,473.98209704351353,478.0614256014035,481.9366886324003,485.6180937747027
390,0.018750000000000003,40.316962687760544,67.79335528942975,93.82476218233995,118.53825071160215,142.01209420355192,164.31107782816113,185.49458802101137,205.61855502547604,224.7360028001406,242.8972792317881,260.1502089770401,276.540223845214,292.11048334712444,306.901988487167,320.95368971390377,334.30258944754036,346.9838394813253,359.0308335171872,370.475295078537,381.34736103038404,391.6756609255215,401.48739238479556,410.80839270924986,419.663206912169,428.0751523497462,436.0663801202322,443.6579333929875,450.8698028208238,457.72097918138724,464.2295033860694,470.4125139880266,476.28629231432325,481.8663053409725,487.16724642372617,492.20307399181326,496.9870483064897,501.53176638116156,505.84919515500917,509.950703007452,513.8470896964211
391,0.017968750000000002,42.46341897312148,71.40217112905158,98.81877196673244,124.84710393555993,149.56964318804538,173.0546508264866,195.3646960199545,216.5587037049833,236.69253484368656,255.81922959617324,273.98916878271297,291.25021155437213,307.647822616535,323.2251922751349,338.0233502875442,352.08127397053636,365.43599088610205,378.1226763848148,390.1747462665581,401.6239448039025,412.5004283606902,422.83284482655654,432.64840907697135,441.9729746578268,450.8311018835946,459.246122528581,467.24020128180246,474.83439412745304,482.0487038048128,488.90213249374386,495.41273186459415,501.59765062438197,507.47317968452523,513.0547950691214,518.3571986768038,523.3943570035728,528.1795379285975,532.7253456598992,537.0437539319676,541.1461375427576
392,0.0171875,44.54640842246386,74.9051687806689,103.66733969660562,130.97332277275157,156.90960557367103,181.54777176088695,204.953439402486,227.18840745144422,248.31126343634455,268.37763788732656,287.4403732545099,305.54966799934584,322.75320981224513,339.09630135921464,354.62197957034834,369.37112893351576,383.3825891221521,396.6932572452749,409.33818498849325,421.3506709005633,432.76234806738773,443.60326740344203,453.9019767792816,463.68559619296593,472.97988918294527,481.80933067014,490.1971714076131,498.1654992073512,505.73529710522513,512.9264986171693,519.7580402319851,526.2479112789141,532.4132013012323,538.270145060564,543.8341652903746,549.119913311199,554.1413076145249,558.9115705169108,563.4432629808456,567.7483176940244
393,0.01640625,46.55872668780167,78.28844345810032,108.34921626029035,136.88783755517215,163.99473633219677,189.74475595368276,214.20649914113136,237.4445730895296,259.5202256421096,280.4916118853819,300.4139711628074,319.3397780082315,337.3188816284611,354.39863751894643,370.6240322884495,386.037802188242,400.6805456972098,414.5908304693015,427.8052949280158,440.35874477675145,452.2842446799166,463.6132053567378,474.3754663175202,484.59937446052896,494.3118587367189,503.53850107912444,512.303603783859,520.6302535202984,528.5403821391197,536.0548244384263,543.1933730401596,549.9748305213747,556.4170589377261,562.5370268696312,568.3508541150436,573.8738541465772,579.1205744448195,584.1048348140815,588.8397637815145,593.3378331754714
394,0.03984375,-28.716181581332783,-48.28642948881872,-66.82740892401054,-84.4296356469257,-101.14886851314682,-117.03125752906392,-132.1191062235229,-146.4522555888271,-160.06847597007587,-173.00363117499927,-185.29178743210187,-196.96530632570241,-208.05493070929728,-218.58986579469968,-228.597856072247,-238.10525836234635,-247.1371112114017,-255.71720081859678,-263.8681236673049,-271.61134602560486,-278.96726047212564,-285.9552395957006,-292.59368700994827,-298.90008581690194,-304.8910446471367,-310.5823413975056,-315.9889647815559,-321.125153801965,-326.0044352488723,-330.6396593228133,-335.0430334760133,-339.22615456113414,-343.20003937210504,-346.9751536574419,-350.56143968244726,-353.96834241285336,-357.2048343888568,-360.2794393550361,-363.2002547083728,-365.97497282349093
395,0.0390625,-26.247820697145727,-44.13552952566605,-61.08230791819635,-77.17092780760963,-92.4523804242348,-106.9688673086854,-120.75906973330521,-133.8594150422166,-146.30443569740066,-158.12691983515074,-169.35801123845033,-180.02729455467622,-190.16287402371702,-199.7914477478601,-208.93837811684307,-217.6277586720012,-225.88247761065168,-233.72427810562328,-241.1738156019542,-248.25071224342213,-254.97360857343145,-261.3602126472839,-267.4273466858245,-273.1909913938392,-278.6663280603151,-283.86777855175507,-288.8090433041224,-293.503137413678,-297.9624249219193,-302.1986513850592,-306.2229748139245,-310.04599506585816,-313.677781766108,-317.12790083230186,-320.40543967192724,-323.5190311192144,-326.4768761745155,-329.2867656060943,-331.9561004712529,-334.4919116108662
396,0.015625,48.501210739701996,81.55516700607032,112.87077360259924,142.60090076607094,170.8397170742424,197.665163342715,223.14868471451106,247.35756784078296,270.35560260820813,292.203359209279,312.9583720960694,332.6752968917066,351.406055455494,369.1999728088296,386.10390702614916,402.1623725963315,417.4176576133182,431.9099351101042,445.67736882904603,458.75621370587993,471.1809113309954,482.9841806384988,494.1971040612349,504.8492093781359,514.9685474690415,524.581766181439,533.7141805034029,542.3898392273312,550.6315882798779,558.4611308847254,565.8990847165381,572.965036196514,579.6775920724577,586.0544284191524,592.1123371880171,597.8672704286072,603.3343822983734,608.5280689712905,613.4620065504271,618.1491870842829
397,0.0,-33.51483197986939,-56.35536051350795,-77.99461092235087,-98.53822772109801,-118.05128952150551,-136.58765984452756,-154.19671260787013,-170.92494744022366,-186.81644712468636,-201.91306917627304,-216.25457303781758,-229.8787285666055,-242.82141632033154,-255.1167222088379,-266.7970272775678,-277.89309297392424,-288.43414214568037,-298.4479359894278,-307.96084715212186,-316.9979291778712,-325.58298248243585,-333.7386170288306,-341.4863118688105,-348.84647170683627,-355.8384806353144,-362.4807531825008,-368.79078280740066,-374.7851879692989,-380.47975589318025,-385.8894841462534,-391.0286201350211,-395.9106986268904,-400.5485773951022,-404.9544710808364,-409.1399833616506,-413.1161375109524,-416.89340542897787,-420.481735221716,-423.8905774004058,-427.12890977059453
398,0.040625,-31.138823978880357,-52.359778673630125,-72.46449766962344,-91.55117000698462,-109.68028400607595,-126.90190162008348,-143.2619093458388,-158.80352029633494,-173.56770000478954,-187.59334493968046,-200.91740103993388,-213.57496476488225,-225.59937645770472,-237.02230842828078,-247.87384848067256,-258.1825792204436,-267.97565337933656,-277.2788653640459,-286.1167192207494,-294.5124931961133,-302.488301065926,-310.065150393696,-317.26299787325496,-324.10080190159545,-330.59657252076914,-336.76741886067356,-342.6295942079051,-348.19853881956607,-353.4889205949341,-358.51467371224277,-363.28903533242544,-367.824580466582,-372.13325509906656,-376.2264076534942,-380.11481888459093,-383.808730274653,-387.3178710094452,-390.6514836046123,-393.8183482501254,-396.8268059369034
399,0.0,-35.83784606477956,-60.26121239649542,-83.39991973542558,-105.36696886056608,-126.23197225141645,-146.05254362486878,-164.8814917964623,-182.76854922459097,-199.7608619473257,-215.90319495542846,-231.23806855954072,-245.8058746493902,-259.6449841169363,-272.7918482091303,-285.28109464285285,-297.14561886644856,-308.4166707402956,-319.1239368736977,-329.2956188382267,-338.958507465161,-348.13805342375537,-356.8584342669819,-365.1426181218833,-373.01242419272234,-380.4885802366099,-387.59077716326203,-394.33772090289654,-400.7471816790488,-406.83604081621746,-412.6203352057366,-418.11529954707476,-423.33540647589655,-428.2944046846341,-433.005355136026,-437.48066546504594,-441.7321226598624,-445.7709241079419,-449.60770708908603,-453.25257679310596,-456.7151329359472
400,0.06484375,-68.1145625502049,-114.5347010006005,-158.51327055158598,-200.26501041097703,-239.9222056929215,-277.594342803675,-313.3817800240759,-347.37903151836076,-379.675697704419,-410.35685505334027,-439.5033149031365,-467.19184416146726,-493.495369284699,-518.4831687674288,-542.2210557106215,-564.7715511895926,-586.1940489332804,-606.544971761367,-625.87792019446,-644.2438136296968,-661.6910244539766,-678.2655054482657,-694.0109108186716,-708.9687111731678,-723.1783027468749,-736.6771111636459,-749.500690007284,-761.6828144620578,-773.2555702691675,-784.2494382334942,-794.6933745032086,-804.614886833713,-814.040107036781,-822.993859805729,-831.4997280978974,-839.58011524665,-847.2563039664925,-854.5485124067168,-861.4759474012119,-868.0568550546927
401,0.06406250000000001,-68.37903423755174,-114.979612791717,-159.12927299840894,-201.04356704554547,-240.8552782024821,-278.6743058406648,-314.60138798343905,-348.73139742105997,-381.1542752978447,-411.9554221676803,-441.21595763538863,-469.01294178839015,-495.41957987161163,-520.5054154498126,-544.3365136252168,-566.975635030371,-588.4824011069113,-608.9134511166014,-628.3225913001015,-646.7609365763354,-664.2770451553483,-680.9170464188901,-696.7247624052699,-711.741823218243,-726.0077766637253,-739.5601924029651,-752.434760896377,-764.6653873985504,-776.2842812519115,-787.3220407141781,-797.8077335429447,-807.7689735496252,-817.2319933243198,-826.2217133231295,-834.7618074998466,-842.8747656548559,-850.581952665441,-857.9036647534782,-864.8591829386951,-871.4668238182672
402,0.06328125000000001,-68.53714231507035,-115.24528104953986,-159.49670876267786,-201.5074956267168,-241.41074656047158,-279.31662656181953,-315.3261160225443,-349.5343150653921,-382.03137965807304,-412.90291381259834,-442.2302299919503,-470.0905711729449,-496.5573160840519,-521.7001728840153,-545.585362858675,-568.2757948613794,-589.8312310113969,-610.308444099507,-629.7613671184534,-648.241235312978,-665.7967211238937,-682.4740623817892,-698.3171840881124,-713.3678141044645,-727.6655930548729,-741.2481787305505,-754.1513452721654,-766.409077390874,-778.0536598762993,-789.1157626272295,-799.6245214289918,-809.6076146902774,-819.0913363415274,-828.1006650868923,-836.6593301921661,-844.789873981966,-852.5137112107764,-859.8511854642204,-866.8216227391166,-873.4433823434448
403,0.0625,-68.59042475804378,-115.33504336660155,-159.62115627394653,-201.6649845603145,-241.5997237509887,-279.53561427266595,-315.57370658383604,-349.8091675703924,-382.3322170751422,-413.22852019910414,-442.5794477708754,-470.4622984809459,-496.9505042027235,-522.1138237621657,-546.0185267297047,-568.7275679572426,-590.3007533728887,-610.7948974814915,-630.2639729879031,-648.7592529372237,-666.3294457461784,-683.0208234810474,-698.8773437197982,-713.9407653192251,-728.2507583918707,-741.8450087822822,-754.7593173176845,-767.0276940944058,-778.6824480483237,-789.7542720452034,-800.2723237149763,-810.2643022428501,-819.756521319446,-828.7739784420891,-837.3404207497481,-845.4784075649981,-853.2093698077148,-860.5536664369638,-867.530638069731,-874.1586579177012
404,0.06171875,-68.53716780983879,-115.24533562570262,-159.49679674014646,-201.50762014520038,-241.4109099281125,-279.3168304743985,-315.3263617089638,-349.53460338906433,-382.0317111905989,-412.90328888919714,-442.23064875434324,-470.0910336032847,-496.5578220322515,-521.7007220900829,-545.5859549711773,-568.2764294528549,-589.8319075913198,-610.3091621252643,-629.7621260046872,-648.2420344395719,-665.7975598428249,-682.4749400230231,-698.3180999646845,-713.3687675168696,-727.6665832948594,-741.2492050844021,-754.1524070235394,-766.4101738232554,-778.0547902751189,-789.1169262816908,-799.6257176336405,-809.6088427463479,-819.0925955580917,-828.1019547818357,-836.6606496930104,-844.7912226265591,-852.5150883478617,-859.8525904539034,-866.8230549532391,-873.4448411658759
405,0.060937500000000006,-68.378932504578,-114.97939505446594,-159.12892205609086,-201.04307040698515,-240.85462669350295,-278.6734927285616,-314.6004083959836,-348.73024794167947,-381.1529536715003,-411.95392707965647,-441.2142885402046,-469.01109877448346,-495.41756355237976,-520.5032268746137,-544.334154205818,-566.9731064795875,-588.4797053870141,-608.9105903956611,-628.3195679148525,-646.7577530004478,-664.2737039722268,-680.913550298289,-696.7211140831432,-711.7380254793569,-726.0038323266389,-739.5561043070503,-752.4305318906025,-764.6610203317942,-776.279778964606,-787.3174060311146,-797.8029692670956,-807.7640824568548,-817.2269781588747,-826.2165767938175,-834.7565522768168,-842.869394366912,-850.5764678978214,-857.8980690460489,-864.8534787845055,-871.4610136624282
406,0.06015625000000001,-68.11463887756183,-114.53486439319187,-158.5135339426311,-200.26538320035618,-239.92269479093412,-277.5949532873036,-313.38251557253983,-347.37989471665395,-379.6766902638942,-410.3579779776563,-439.50456861664486,-467.1932286107905,-493.4968840205517,-518.484813011481,-542.2228284107795,-564.7734510661397,-586.1960745176922,-606.5471214291731,-625.8801921932148,-644.24620610289,-661.6935354615465,-678.2681329842464,-694.0136528264094,-708.9715655584599,-723.1812673893313,-736.6801839265123,-749.5038687459413,-761.686097031368,-773.2589545298164,-784.252922057459,-794.6969557784591,-804.618563468242,-814.0438769620437,-822.9977209795646,-831.5036785069948,-839.5841529086096,-847.2604269315347,-854.5527187590766,-861.4802352602591,-868.0612225758065
407,0.059375000000000004,-67.7458613974619,-113.91486054601418,-157.6556051335553,-199.18165889479192,-238.62458080352982,-276.0932564775344,-311.68749413093866,-345.50129043826473,-377.6237556440616,-408.1395011070079,-437.1288966124343,-464.6682898074582,-490.8302090204423,-515.6835546648963,-539.2937807840191,-561.7230674510045,-583.03048453231,-603.2721472570054,-622.5013640044267,-640.7687766998283,-658.1224941878131,-674.60821893475,-690.2693673938077,-705.1471843495615,-719.2808515432762,-732.7075908649185,-745.4627623836493,-757.5799574749495,-769.0910872896324,-780.0264667977355,-790.4148946286094,-800.2837289174845,-809.6589593582531,-818.5652756522265,-827.0261325331408,-835.0638115396522,-842.6994796980167,-849.9532452694987,-856.8442107093255,-863.3905229766718
408,0.05859375,-67.27216054985765,-113.11824764402873,-156.55298251336322,-197.78844359777122,-236.95527649260674,-274.1616109492792,-309.50656207533365,-343.08347354889696,-374.98083637145675,-405.2826737736864,-434.06879677820314,-461.415022136953,-487.39337376111683,-512.0722728099473,-535.5167179854053,-557.7884567436672,-578.9461479277983,-599.0455162620335,-618.1394991173399,-636.2783859354546,-653.5099506787857,-669.8795776550709,-685.4303810482087,-700.2033184700985,-714.2372988325669,-727.5692848235022,-740.2343902570977,-752.2659725546092,-763.6957205991985,-774.5537381962667,-784.8686233590778,-794.6675436285078,-803.9763076252888,-812.8194330231989,-821.2202111222297,-829.2007681917949,-836.7821237455499,-843.9842459012996,-850.8261039718002,-857.325718424971
409,0.0578125,-66.69511453084398,-112.14800305112614,-155.2102889962556,-196.0922262464948,-234.92333505811231,-271.8108135375234,-306.852922878194,-340.1422026623644,-371.766381678863,-401.80875949355425,-430.348459796479,-457.4606464517972,-483.21672318498946,-507.68452202830525,-530.9284820574867,-553.0098191244218,-573.9866870854972,-593.9143309621772,-612.8452324398675,-630.8292480888554,-647.9137406714945,-664.1437038814767,-679.5618808437207,-694.208876686962,-708.1232654855261,-721.3416918519289,-733.8989674478703,-745.8281626677922,-757.1606937364649,-767.9264054499992,-778.1536497781802,-787.8693605351516,-797.099124315098,-805.8672478797549,-814.1968221752209,-822.1097831466701,-829.6269695111374,-836.7681776405284,-843.5522136993984,-849.9969431748217
410,0.057031250000000006,-66.01492698603069,-111.00421929220578,-153.62722990505267,-194.09207249562843,-232.5269501563633,-269.03797116110206,-303.7223977641109,-336.6718287566749,-367.97310102093786,-397.70866722356953,-425.9568465894901,-452.79203875706673,-478.28492143674066,-502.5026369421743,-525.5089691113907,-547.3645113153725,-568.1268260487738,-587.8505965348081,-606.5877707462203,-624.387698222226,-641.2972600418797,-657.3609922961991,-672.6212033842404,-687.1180854420431,-700.889820197915,-713.9726795328512,-726.4011210109325,-738.2078786313031,-749.42404904074,-760.079173433884,-770.2013153568229,-779.8171346189481,-788.9519575077463,-797.6298434914529,-805.8736485852451,-813.7050855478608,-821.1447810671897,-828.2123300854457,-834.9263474069974,-841.3045167247805
411,0.05625,-65.23317010883488,-109.68971583447986,-151.80804983256823,-191.7938198436437,-229.77370887081292,-265.85256659700224,-300.12650138192197,-332.68602517808756,-363.61694444131433,-393.0007333750013,-420.91478174992017,-447.43260623694624,-472.6240457308627,-496.5554456755293,-519.2898328908125,-540.8870815911315,-561.4040710848631,-580.8948355818703,-599.4107065065224,-617.0004476917479,-633.7103838104176,-649.5845223824169,-664.6646696787915,-678.990540828277,-692.5998644162287,-705.5284818514584,-717.8104417627069,-729.4780896733726,-740.5621531906888,-751.091822933728,-761.0948294133715,-770.5975160667404,-779.6249086384395,-788.2007810913492,-796.3477182205608,-804.0871751353643,-811.4395337659483,-818.4241565436413,-825.0594373960657,-831.362850191527
412,0.05546875,-64.35068944935847,-108.20581302621238,-149.75431435673667,-189.19905925295797,-226.66501788950657,-262.2556228696994,-296.06568394022383,-328.1844902683649,-358.6966892385269,-387.68265460513646,-415.2187309312285,-441.3774420429658,-466.22768369835643,-489.8349054106832,-512.261282905368,-533.565881889834,-553.8048136183254,-573.0313826727077,-591.296227350911,-608.6474530332504,-625.1307588779281,-640.7895581793821,-655.6650927064314,-669.79654132133,-683.2211231657776,-695.9741956856351,-708.0893477524999,-719.5984881273878,-730.5319294994993,-740.9184683214063,-750.7854606509082,-760.1588941993057,-769.0634567758434,-777.5226013085805,-785.5586076129362,-793.1926410705878,-800.4448083732643,-807.33421047825,-813.8789929150631,-820.0963935758084
413,0.0546875,-63.36904150524165,-106.55515505497863,-147.46986357965127,-186.31294079318477,-223.20745140249883,-258.2552502336953,-291.5497002725676,-323.1787278054666,-353.2256879297158,-381.7697271705562,-408.88602424569245,-434.6459953778738,-459.11748405106664,-482.36494007891497,-504.4495894440119,-525.4295955787778,-545.3602125636487,-564.2939306579394,-582.2806145496135,-599.3676346889315,-615.5999920522124,-631.0204366644865,-645.669580193316,-659.5860029104186,-672.8063553028643,-685.3654546015215,-697.2963764810219,-708.6305421727842,-719.3978012205623,-729.6265100964948,-739.3436068847188,-748.5746822292663,-757.3440467331097,-765.6747949858751,-773.5888663888653,-781.1071029375935,-788.2493041140191,-795.0342790330598,-801.479895980723,-807.6031294743334
414,0.05390625,-62.28970851797714,-104.74028195201605,-144.9581136820465,-183.1395709256746,-219.4056204568582,-253.8563815118137,-286.58362679586463,-317.6737853547295,-347.2087931956508,-375.26644962974916,-401.9206538684251,-427.24160679201054,-451.2959974407078,-474.14717900930066,-495.8553357764891,-516.4776416263182,-536.0684106279967,-554.6792400814908,-572.3591464078994,-589.1546942429036,-605.1101190732875,-620.2674437394563,-634.6665891107226,-648.3454792247946,-661.3401411683373,-673.6847999616283,-685.4119686971848,-696.5525341697414,-707.135838223086,-717.1897550279921,-726.7407644947555,-735.8140220136862,-744.4334247072178,-752.6216743681185,-760.4003372495675,-767.7899008645559,-774.809827944204,-781.4786076971067,-787.8138045047046,-793.8321041809318
415,0.053125000000000006,-61.114221693106295,-102.76364632297148,-142.22247659979342,-179.68338053929662,-215.26504581717865,-249.06570443366078,-281.1753983865926,-311.67892620120296,-340.6566777042764,-368.18498377810545,-394.33634858539824,-419.17964759589023,-442.78031060497466,-465.2004944414371,-486.4992467719529,-506.7326616499473,-525.9540272680474,-544.2139663150358,-561.5605693100122,-578.0395212659228,-593.6942220164868,-608.5659005237021,-622.6937234671593,-636.1148984013041,-648.8647717524376,-660.9769219136391,-672.4832476828609,-683.4140522771704,-693.79812314445,-703.6628077827979,-713.0340857673374,-721.9366371741613,-730.3939075816415,-738.4281698203085,-746.060582633961,-753.3112464064906,-760.1992561012293,-766.7427515522284,-772.9589652399502,-778.8642676771916
416,0.05234375000000001,-59.844690825001884,-100.62899222192155,-139.26819805454107,-175.95096627664148,-210.793514460923,-243.89203120792888,-275.3346863721955,-305.2045160138988,-333.5802396002312,-360.53660234023414,-386.1446024803228,-410.4716851430957,-433.58192149071937,-455.5361778058513,-476.392275864273,-496.20514523054544,-515.0269679244524,-532.9073158494649,-549.8932813472362,-566.0296012222789,-581.3587745634059,-595.9211746721439,-609.7551553928088,-622.8971521242088,-635.381777778958,-647.2419139430771,-658.5087974759379,-669.2121027785988,-679.3800199471804,-689.0393290170972,-698.2154704936657,-706.9326123548368,-715.2137137025068,-723.0805852300354,-730.5539466652264,-737.6534813400411,-744.397888030772,-750.8049302051978,-756.8914828064238,-762.6735766966156
417,0.051562500000000004,-58.48261238671226,-98.33856555145107,-136.09824078021325,-171.94601252792341,-205.99545968986587,-238.34058580724098,-269.06755675091347,-298.2575204737109,-325.98740590170223,-352.33025766880604,-377.35545837031736,-401.1289180826492,-423.71324951604896,-445.16793329680775,-465.5494747270735,-484.911552642681,-503.3051608089266,-520.778742238262,-537.3783167868003,-553.1476023668005,-568.1281300949067,-582.3593536797595,-595.8787533373147,-608.7219345077473,-620.9227216340678,-632.5132472495621,-643.5240366087667,-653.9840880849497,-663.9209495459003,-673.3607909092271,-682.3284730682938,-690.8476133703542,-698.9406478193711,-706.6288901673569,-713.9325880498958,-720.8709763136969,-727.4623276766531,-733.7240008538331,-739.6724862761723,-745.3234495222799
418,0.05078125,-57.03071071791288,-95.89729130514671,-132.71964769776844,-167.6775654464953,-200.88179640257974,-232.4240054959857,-262.38821613380213,-290.8535594455621,-317.8950530265478,-343.58392715449554,-367.98784138288795,-391.1710692548433,-413.1946690343402,-434.11664483091704,-453.99209942684666,-472.87337940806884,-490.81021302534015,-507.84984115827456,-524.0371417290494,-539.4147478936533,-554.0231603218405,-567.9008538613633,-581.0843788672744,-593.6084574630763,-605.5060749871637,-616.8085668653413,-627.545701138167,-637.7457568604344,-647.4355985792436,-656.6407470867956,-665.3854466342239,-673.6927287834741,-681.5844730653849,-689.0814646037113,-696.2034488568513,-702.9691836214361,-709.3964884347434,-715.5022915060404,-721.3026743004509,-726.8129138927715
419,0.05,-55.490438332900375,-93.30719483578856,-129.134914072935,-163.14854020841506,-195.45584310522827,-226.14601828226085,-255.30082424195288,-282.99725806043483,-309.30831347047734,-334.30329851300485,-358.04804644897416,-380.60509560379404,-402.0338555742523,-422.39076406617875,-441.72943564309844,-460.10080297527287,-477.55325100704533,-494.13274440716015,-509.8829486409391,-524.8453449844055,-539.0593397839075,-552.5623682494246,-565.389993055219,-577.5759980077555,-589.152477027762,-600.1499186809273,-610.5972864799812,-620.5220951697382,-629.9504831960902,-638.9072815498788,-647.4160791670014,-655.4992850570472,-663.1781873241207,-670.4730092353258,-677.4029624846077,-683.9862977922497,-690.24035297331,-696.1815986016119,-701.8256813895645,-707.1874653980799
420,0.049218750000000006,-53.86511732018595,-90.57435171224097,-125.35283660401895,-158.37037670523998,-189.73157532349862,-219.52300857319702,-247.82403538153346,-274.7093940774837,-300.2499378758219,-324.512942964463,-347.5623130601535,-369.45875385861655,-390.25993428100315,-410.0206386489773,-428.7929110242061,-446.6261922797837,-463.5674503061309,-479.661303703174,-494.9501392862078,-509.47422371502756,-523.2718095401532,-536.379235945258,-548.8310244509704,-560.659969831987,-571.8972264868461,-582.5723904877627,-592.7135775265646,-602.3474969619588,-611.4995221631199,-620.1937573348283,-628.453101000131,-636.2993063077015,-643.7530383227115,-650.8339284520883,-657.5606261474867,-663.9508480221353,-670.0214245109098,-675.7883441965124,-681.2667959184957,-686.4712087760307
421,0.0484375,-52.15614728009147,-87.70055425051989,-121.3754277044284,-153.34520292586345,-183.71117630827413,-212.55718542798488,-239.96007735045313,-265.9922235623422,-290.72223257230615,-314.21524852098395,-336.5331494508862,-357.7347163666925,-377.8757894716666,-397.0094155938192,-415.18598800631287,-432.4533791968683,-448.8570669794933,-464.4402542916547,-479.24398299567235,-493.30724198538405,-506.6670698835294,-519.3586526008322,-531.4154160140769,-542.8691140075521,-553.7499121099476,-564.0864669471545,-573.9060017203576,-583.2343779083191,-592.096163382781,-600.5146971164627,-608.5121506541276,-616.1095865086724,-623.3270136360741,-630.1834401353362,-636.6969233122617,-642.8846172389283,-648.7628179341478,-654.3470062839183,-659.6518888149257,-664.6914364284956
422,0.04765625,-50.367427568189505,-84.6929911368751,-117.21318361526184,-148.08678196933204,-177.41159604861886,-205.26857938120932,-231.73193714002758,-256.87155406664345,-280.7536821615055,-303.44122874246005,-324.99394770168647,-345.46860261655405,-364.91911751716185,-383.39671917359937,-400.95007205784975,-417.6254065106162,-433.4666404892054,-448.51549522524306,-462.81160509823,-476.3926220143277,-489.29431456503966,-501.55066222672843,-513.1939448488702,-524.2548276665946,-534.7624420612924,-544.7444622819049,-554.2271783288844,-563.2355651927254,-571.7933486293723,-579.9230676457063,-587.6461338596416,-594.9828878911502,-601.9526529327081,-608.5737856402355,-614.8637244785492,-620.8390356486423,-626.5154567177411,-631.907938067038,-637.0306822662538,-641.8971814787275
423,0.046875,-48.5002962418158,-81.55321060031997,-112.86762149038967,-142.59644151759133,-170.83386907963984,-197.6578669235374,-223.13989688983312,-247.3472586812388,-270.3437525878294,-292.18995721448573,-312.94341388639197,-332.6587838828948,-351.38799374015906,-369.1803723568969,-386.08278102448645,-402.1397368981746,-417.3935302756679,-431.8843360025678,-445.65031930135973,-458.72773630410217,-471.1510295544107,-482.95291873082846,-494.16448683093824,-504.81526204352434,-514.9332955246563,-524.5452352827373,-533.6763963672623,-542.350827546273,-550.5913746482139,-558.4197407351111,-565.8565432656079,-572.9213683984764,-579.6328225796664,-586.0085815487998,-592.0654368942172,-597.8193402792082,-603.2854454559425,-608.478148177765,-613.4111241149956,-618.0973648741082
424,0.04609375,-46.559205882777604,-78.28947012384428,-108.35087240088077,-136.89018302308807,-163.99781535145132,-189.7486012220932,-214.2111345538783,-237.45001563809166,-259.52648679504455,-280.49869862779394,-300.42188680115873,-319.3485228076565,-337.32845332659855,-354.4090317462785,-370.635242916203,-386.04982161912847,-400.6933651103132,-414.6044400276986,-427.81968395575467,-440.37390191038446,-452.3001579987207,-463.6298624949556,-474.39285456132495,-484.61748083194345,-494.3306700663312,-503.55800406914204,-512.3237850627987,-520.6510996904057,-528.5618798174518,-536.0769602923998,-543.2161338182443,-549.9982030795314,-556.441030262099,-562.5615840959402,-568.3759845450712,-573.8995452620866,-579.1468139192058,-584.1316105220192,-588.8670638068336,-593.3656458174679
425,0.045312500000000006,-44.54542475586152,-74.90306430411941,-103.66394888731959,-130.9685256752318,-156.90331430514604,-181.53992202824773,-204.94398487394318,-227.1773158357325,-248.29851363490405,-268.3632178531447,-287.42427833672434,-305.5318996345203,-322.7337744710723,-339.07520968657536,-354.59924567503367,-369.346769796018,-383.35662409705685,-396.6657076404833,-409.3090737075472,-421.3200221373123,-432.7301870444359,-443.56962014749007,-453.8668699277544,-463.64905682732547,-472.94194468487376,-481.7700085974127,-490.15649938698624,-498.12350484220406,-505.69200789603104,-512.8819418931557,-519.712243092568,-526.2009005436914,-532.3650034674849,-538.2207862673429,-543.7836712883854,-549.0683094377792,-554.0886187731058,-558.857821160429,-563.3884770986277,-567.6925188017337
426,0.04453125000000001,-42.46393121746216,-71.40326851074786,-98.82054205866054,-124.84961062559744,-149.57293365530973,-173.0587599285623,-195.36964920561124,-216.5645190449599,-236.69922450730408,-255.82680096290798,-273.9976253028003,-291.2595534302688,-307.6580473523147,-323.23629512589116,-338.0353246313211,-352.0941116191266,-365.4496823468052,-378.13721108234205,-390.19011273216626,-401.6401308373167,-412.5174211692362,-422.8506311450653,-432.66697527135165,-441.9923068146864,-450.8511858878834,-459.2669441309049,-467.261746156795,-474.856647924374,-482.07165219137437,-488.9257611940194,-495.43702669174024,-501.6225975088096,-507.49876469807214,-513.0810044456945,-518.3840188299205,-523.4217745411554,-528.2075396653485,-532.753918627535,-537.0728853875606,-541.1758149754091
427,0.043750000000000004,-40.315915920539666,-67.79111572643495,-93.82115359954555,-118.53314537007415,-142.0053984922962,-164.3027232388197,-185.4845251597257,-205.60674944141812,-224.72243195558192,-242.88193022398275,-260.1330767769062,-276.5213099048376,-292.08979447901163,-306.87953594920555,-320.9294884535526,-334.2766574716327,-346.95619732651903,-359.0015038021567,-370.4443021233027,-381.31473053132993,-391.6414196769942,-401.4515680399578,-410.7710135742225,-419.6243017685662,-428.03475030154544,-436.02451046159655,-443.61462549419235,-450.82508602988383,-457.6748827393364,-464.18205635414733,-470.36374518526753,-476.23623026425435,-481.8149782263026,-487.1146820480445,-492.14929974745843,-496.9320911478408,-501.4756528027033,-505.7919511736011,-509.8923541482972,-513.7876609822935
428,0.04296875,-38.10685230285936,-64.07684202166686,-88.68095024658736,-112.03929891314856,-134.2258851577159,-155.30195392901723,-175.3236451267344,-194.34383033001865,-212.41263297470738,-229.57764621736885,-245.88407758475742,-261.37487234318365,-276.0908275387689,-290.0706996282229,-303.35130657199926,-315.9676247897708,-327.9528812619413,-339.33864102534596,-350.15489029423657,-360.4301154251819,-370.1913779334643,-379.46438575821514,-388.2735609637131,-396.64210405494845,-404.59205507668077,-412.14435165678213,-419.3188841466334,-426.13454800371494,-432.6092935542857,-438.7601732671652,-444.60338666306706,-450.1543229777373,-455.4276016912226,-460.43711102998725,-465.1960445432633,-469.7169358499414,-474.01169164750723,-478.09162306994057,-481.9674754771575,-485.6494567544403
429,0.0421875,-35.83784606477956,-60.26121239649542,-83.39991973542558,-105.36696886056608,-126.23197225141645,-146.05254362486878,-164.8814917964623,-182.76854922459097,-199.7608619473257,-215.90319495542846,-231.23806855954072,-245.8058746493902,-259.6449841169363,-272.7918482091303,-285.28109464285285,-297.14561886644856,-308.4166707402956,-319.1239368736977,-329.2956188382267,-338.958507465161,-348.13805342375537,-356.8584342669819,-365.1426181218833,-373.01242419272234,-380.4885802366099,-387.59077716326203,-394.33772090289654,-400.7471816790488,-406.83604081621746,-412.6203352057366,-418.11529954707476,-423.33540647589655,-428.2944046846341,-433.005355136026,-437.48066546504594,-441.7321226598624,-445.7709241079419,-449.60770708908603,-453.25257679310596,-456.7151329359472
430,0.041406250000000006,-33.51483197986939,-56.35536051350795,-77.99461092235087,-98.53822772109801,-118.05128952150551,-136.58765984452756,-154.19671260787013,-170.92494744022366,-186.81644712468636,-201.91306917627304,-216.25457303781758,-229.8787285666055,-242.82141632033154,-255.1167222088379,-266.7970272775678,-277.89309297392424,-288.43414214568037,-298.4479359894278,-307.96084715212186,-316.9979291778712,-325.58298248243585,-333.7386170288306,-341.4863118688105,-348.84647170683627,-355.8384806353144,-362.4807531825008,-368.79078280740066,-374.7851879692989,-380.47975589318025,-385.8894841462534,-391.0286201350211,-395.9106986268904,-400.5485773951022,-404.9544710808364,-409.1399833616506,-413.1161375109524,-416.89340542897787,-420.481735221716,-423.8905774004058,-427.12890977059453
431,0.06640625,-67.2720338598081,-113.11797644065363,-156.55254532951744,-197.7878248310242,-236.95446467279695,-274.16059764923614,-309.5053411879396,-343.08204078326924,-374.97918888681784,-405.28080990392186,-434.06671581876276,-461.4127241762488,-487.390859544714,-512.0695436295832,-535.5137755872321,-557.7853032516663,-578.9427857793532,-599.0419481533851,-618.1357279571581,-636.2744148051518,-653.5057827984675,-669.8752163542437,-685.4258297405236,-700.1985806315404,-714.232377982599,-727.5641845087578,-740.2291140372731,-752.2605239902707,-763.6901032412541,-774.5479555768898,-784.862678983903,-794.6614409699425,-803.9700501168022,-812.8130240544717,-821.2136540350638,-829.1940662766883,-836.7752802388618,-843.9772639829334,-850.8189867633473,-857.3184689882544
432,0.065625,-67.7460642357259,-113.91529467693351,-157.65630485242377,-199.1826491067267,-238.6258798001162,-276.09487768248266,-311.68944725848945,-345.50358230033714,-377.6263907366818,-408.1424820513652,-437.13222449600437,-464.6719644538013,-490.83422920644585,-515.6879182982264,-539.2984850497685,-561.7281089340364,-583.0358593201237,-603.2778510267789,-622.5073920970594,-640.7751241832008,-658.1291559110202,-674.6151895747287,-690.2766414955097,-705.154756360622,-719.2887158439584,-732.7157417939947,-745.471194260763,-757.5886646199293,-769.100064039152,-780.0357075196566,-790.4243937343025,-800.293480872373,-809.6689586908029,-818.575516961567,-827.0366104954816,-835.0745209136433,-842.7104153291718,-849.9644020937986,-856.8555837560965,-863.4021073708237
433,0.040625,-31.138823978880357,-52.359778673630125,-72.46449766962344,-91.55117000698462,-109.68028400607595,-126.90190162008348,-143.2619093458388,-158.80352029633494,-173.56770000478954,-187.59334493968046,-200.91740103993388,-213.57496476488225,-225.59937645770472,-237.02230842828078,-247.87384848067256,-258.1825792204436,-267.97565337933656,-277.2788653640459,-286.1167192207494,-294.5124931961133,-302.488301065926,-310.065150393696,-317.26299787325496,-324.10080190159545,-330.59657252076914,-336.76741886067356,-342.6295942079051,-348.19853881956607,-353.4889205949341,-358.51467371224277,-363.28903533242544,-367.824580466582,-372.13325509906656,-376.2264076534942,-380.11481888459093,-383.808730274653,-387.3178710094452,-390.6514836046123,-393.8183482501254,-396.8268059369034
434,0.0,-66.01475071323173,-111.00384194723073,-153.62662161858776,-194.0912115583304,-232.5258206084074,-269.0365612766049,-303.7206990452637,-336.66983523275155,-367.970808738875,-397.7060738647272,-425.9539511731529,-452.7888414058563,-478.2814231876558,-502.4988395921734,-525.5048750897242,-547.3601235770224,-568.1221479848112,-587.845631896499,-606.5825235804275,-624.382172816188,-641.2914608758336,-657.3549240026248,-672.6148707127177,-687.1114932289034,-700.8829733400054,-713.9655829648418,-726.3937796856883,-738.2002975029174,-749.4162330498834,-760.0711274951767,-770.1930443479744,-779.8086433714489,-788.9432507989223,-797.6209260377165,-805.8645250364001,-813.6957604823396,-821.1352589881051,-828.2026154173695,-834.9164444933726,-841.2944298258984
435,0.0671875,-66.69541722292144,-112.14865089685854,-155.21133317352425,-196.09370392036618,-234.9252735243932,-271.81323282778334,-306.8558374884397,-340.14562275753696,-371.77031396795684,-401.8132078877997,-430.35342591839424,-457.4661300378057,-483.2227224096049,-507.69103376894145,-530.9355021132958,-553.017342398867,-573.9947077398544,-593.9228425454284,-612.8542279991922,-630.838720264031,-647.9236817758265,-664.1541059713797,-679.572735778668,-694.2201761812178,-708.1350011528322,-721.3538552441248,-733.911550088263,-745.8411560799783,-757.1740894691899,-767.9401950985616,-778.1678250028156,-787.8839130767672,-797.1140460086874,-805.8825306657694,-814.2124581091457,-822.1257644070206,-829.6432884060614,-836.7848266131814,-843.5691853322387,-850.01423019295
436,0.0,-65.23357078715277,-109.69057339738177,-151.80943202427795,-191.79577585937247,-229.77627484167698,-265.85576903834965,-300.1303594816171,-332.69055239092984,-363.62214964745095,-393.006621751177,-420.9213554433186,-447.43986489814097,-472.63198694294755,-496.5640653046493,-519.2991253758439,-540.8970401853541,-561.4146880591528,-580.9061023966384,-599.422613957975,-617.0129860368417,-633.723542873989,-649.5982916492841,-664.6790383731097,-679.0054979820163,-692.6153989283243,-705.5445825389306,-717.8270974048334,-729.4952890498369,-740.5798851144868,-751.1100762794997,-761.1135931417341,-770.6167792451157,-779.644660458809,-788.221010885306,-796.3684154719847,-804.1083294910047,-811.4611350441631,-818.4461947415114,-825.0819026950784,-831.3857329619971
437,0.09609375,8.062216334560206,13.556774203308413,18.762408591926143,23.70452044550528,28.398756093581635,32.85806627052548,37.094323190209955,41.11870866862858,44.94182388518971,48.573735284564215,52.02400504848848,55.30171710288457,58.41550117581722,61.37355551612031,64.18366845221522,66.85323887247418,69.38929568497373,71.79851630760523,74.08724423634817,76.26150573716403,78.32702570483367,80.28924273002013,82.15332341386453,83.92417596752398,85.60646313224493,87.20461445381409,88.72283794357757,90.16513115661813,91.53529171617829,92.83692731196453,94.07346519860796,95.24816121923912,96.36410837790199,97.42424498334648,98.43136238561429,99.38811232577162,100.29701391811845,101.16046028324803,101.98072484940658,102.75996733873562
438,0.09531250000000001,5.380896019147305,9.047699017068902,12.521500447371885,15.819294761148337,18.951553450586424,21.926941407851224,24.753398796022864,27.438401585210553,29.98903573516609,32.41202843817497,34.713768873747554,36.900325864403854,38.977464152521996,40.95065973017062,42.82511435748356,44.605769334172564,46.29731856975931,47.904220991393956,49.43071232463418,50.880816280054354,52.258355176484756,53.56696002986232,54.81008013502667,55.99099216628653,57.11280882118953,58.17848703062188,59.190835757159924,60.15252340244305,61.06608484327389,61.9339281151287,62.758340760816935,63.541495861112814,64.2854577633364,64.99218752304607,65.6635480732374,66.30130913472038,66.90715188065043,67.48267336754171,68.02939074446482,68.54874525154499
439,0.09453125000000001,2.693156245344713,4.528694163078267,6.26776254996868,7.918835803375549,9.487133049047229,10.97697489327831,12.392322931132854,13.7369090122424,15.014271667729547,16.227771287230112,17.38060019046607,18.475791238053503,19.51622581127972,20.504641358137423,21.4436385615491,22.335688154297547,23.183137398200692,23.988216243304997,24.75304318217804,25.479630813833637,26.16989113127616,26.825640546087676,27.44860466290572,28.0404228160666,28.60265238013154,29.136772865457925,29.644189809461036,30.126238473689494,30.584187356359728,31.019241529514606,31.432545809536663,31.825187769305526,32.19820059989099,32.552565829279416,32.889215905259256,33.209036649244815,33.512869587473155,33.801514165696915,34.0757298531869,34.33623814157027
440,0.09375,-0.0006486632615162632,-0.0013884246266257394,-0.0022379500623676417,-0.0031672075020369897,-0.004155041079320147,-0.005185875781840638,-0.006247840413609461,-0.007331644835016328,-0.00842987443786791,-0.009536525432622902,-0.010646685368842517,-0.011756305110019058,-0.01286203077424359,-0.013961076504307819,-0.015051125942413405,-0.01613025449651269,-0.017196867025820153,-0.018249647218839433,-0.01928751599581548,-0.02030959699134237,-0.02131518766880276,-0.022303734967579168,-0.02327481463862377,-0.024228113611161988,-0.02516341486799705,-0.026080584420449648,-0.02697956004178581,-0.027860341493540806,-0.028722982016860864,-0.029567580911432474,-0.030394277041945097,-0.031203243150603726,-0.031994680864082255,-0.03276881630464027,-0.03352589623024977,-0.03426618463346923,-0.0349899597465018,-0.03569751140025224,-0.03638913869689259,-0.03706514795954948
441,0.09296875,-2.6925080485436736,-4.52730678464146,-6.265526335859815,-7.915671099988647,-9.482981332658772,-10.971793193577785,-12.386080130999146,-13.729583269709897,-15.00584854306172,-16.218242334345213,-17.369961867541193,-18.46404404591309,-19.50337359960746,-20.4906907587354,-21.428598519936408,-22.31956953889676,-23.165952671699255,-23.96997918452018,-24.733768649410948,-25.459334542644914,-26.148589561065478,-26.803350670952636,-27.425343903099407,-28.01620890703308,-28.577503276611814,-29.11070665858361,-29.617224655072764,-30.098392530399888,-30.555478732091903,-30.98968823544365,-31.402165720499312,-31.793998589883174,-32.166219835470876,-32.519810761490795,-32.855703571263184,-33.17478382441399,-33.477892771063004,-33.76582956915169,-34.039353390770025,-34.29918542304546
442,0.0921875,-5.38218934732791,-9.050467308320005,-12.525962553416727,-15.825609654672473,-18.959837922920347,-21.93728119627645,-24.765855968575153,-27.45301968688478,-30.005843527420716,-32.431042711875556,-34.73499662512055,-36.923766016345475,-39.003108940824305,-40.97849583607177,-42.855123843774656,-44.637930426316274,-46.33160631276323,-47.940607805751995,-49.46916847932919,-50.9213102967384,-52.30085417606631,-53.611430030537846,-54.85648630911057,-56.03929906188297,-57.16298055370833,-58.23048744832411,-59.2446285842399,-60.20807236262321,-61.12335376643459,-61.99288102914164,-62.818941970431446,-63.60371001550224,-64.349249913689,-65.05752317140532,-65.73039321364621,-66.369630287584,-66.97691612112799,-67.55384834867196,-68.1019447156516,-68.62264707295434
443,0.09140625000000001,-8.061572135873485,-13.555395382718165,-18.760186172078132,-23.701375264389025,-28.39462998868552,-32.85291653676025,-37.08811890250951,-41.111428119820985,-44.93345272462774,-48.56426511824421,-52.01343235637894,-55.29004238263407,-58.40272825325039,-61.35969098199707,-64.16872119672257,-66.83721969682689,-69.3722169748062,-71.78039175655492,-74.06808861087202,-76.24133467556389,-78.3058555449075,-80.26709036084276,-82.13020614803952,-83.90011143090513,-85.58146916863481,-87.17870904257013,-88.6960391283734,-90.13745698388941,-91.50676018199137,-92.80755631624267,-94.04327250578541,-95.21716442455359,-96.33232487863462,-97.39169195440948,-98.39805675896862,-99.35407077321351,-100.26225283703891,-101.12499578501088,-101.94457275003654,-102.72314315164418
444,0.09062500000000001,-10.730547045247999,-18.04374705370987,-24.972460436200425,-31.55048196156223,-37.79862710710024,-43.73412589352404,-49.3727743718352,-54.729450748628224,-59.81826119475352,-64.65260075577991,-69.24519378284423,-73.60812845690522,-77.75288874204739,-81.69038457207442,-85.43098050459719,-88.98452294786539,-92.36036603523945,-95.56739621370906,-98.61405560905006,-101.5083642273704,-104.25794105014704,-106.87002407726719,-109.35148937006024,-111.7088691438566,-113.94836895723375,-116.07588404284245,-118.09701482250807,-120.01708164722685,-121.84113880066954,-123.57398780291565,-125.22019004930983,-126.78407881762183,-128.26977067503336,-129.68117631491498,-131.02201085186877,-132.29580360208936,-133.50590737475628,-134.6555072988838,-135.74762920884072,-136.78514761059338
445,0.08984375,-13.380933951210435,-22.4999104629461,-31.139183226158675,-39.34095257476849,-47.131216316861014,-54.53149073537646,-61.56149710103238,-68.23980736032975,-74.58402724659445,-80.61087307942898,-86.33622276216185,-91.77515924851548,-96.94201069514176,-101.85038833747356,-106.51322240274237,-110.94279620566061,-115.15077852980404,-119.1482543842115,-122.94575421804731,-126.55328167133783,-129.98033993559815,-133.23595679430778,-136.32870840958785,-139.26674191804085,-142.05779689550656,-144.70922574746368,-147.22801307892948,-149.6207940950026,-151.89387208060677,-154.05323500556383,-156.104571298789,-158.05328483321824,-159.9045091609773,-161.66312103632512,-163.33375326202392,-164.9208068929942,-166.42846282942523,-167.8606928298917,-169.22126997350264,-170.51377859865258
446,0.0890625,-16.012747353365466,-26.925781100746985,-37.2649948003528,-47.080835061757874,-56.40437519433846,-65.26133517253561,-73.67529321656225,-81.6684565634046,-89.261879409276,-96.47555403867797,-103.3284713191279,-109.83867233567312,-116.02329615872983,-121.89862495500269,-127.48012679706703,-132.78249633264534,-137.8196934280387,-142.60497988668118,-147.15095433755872,-151.46958538363444,-155.57224309621816,-159.46972893718117,-163.17230418701956,-166.68971695301596,-170.03122782814128,-173.2056342678917,-176.221293748948,-179.0861457704052,-181.80773275530836,-184.39321990738472,-186.84941407512176,-189.1827816727667,-191.39946570534735,-193.5053019424708,-195.50583428343435,-197.40632935405202,-199.21179037359508,-200.9269703283238,-202.5563844862699,-204.10432228619868
447,0.08828125,-18.61779786015885,-31.30570611565836,-43.32619686510622,-54.73797983674616,-65.57722303251987,-75.8738601714197,-85.6553282127423,-94.94746551333154,-103.77476645866633,-112.16048822493383,-120.12672167049844,-127.69445176775149,-134.88361343588343,-141.7131442141791,-148.20103421008636,-154.36437352289693,-160.2193972853242,-165.7815284467758,-171.06541841305383,-176.08498565063206,-180.8534523579245,-185.38337930066078,-189.68669890352078,-193.774746685496,-197.65829112201288,-201.34756201266416,-204.85227742941203,-208.18166931636614,-211.34450780865646,-214.349124334542,-217.20343356165955,-219.91495424527764,-222.49082903350936,-224.93784328168468,-227.262442925473,-229.4707514598519,-231.5685860686701,-233.5614729473038,-235.45466185878166,-237.2531399617315
448,0.08750000000000001,-21.196223750337296,-35.64180875611808,-49.32777808412558,-62.32091916447275,-74.66237156125764,-86.38618663039996,-97.52357939370415,-108.1039492035018,-118.15516847520769,-127.70370347313848,-136.7746944961476,-145.39202430405533,-153.57838140551803,-161.35531981514927,-168.74331575466093,-175.76182151384447,-182.42931662471236,-188.76335648370545,-194.78061854827533,-200.4969462278175,-205.92739058319992,-211.08624994367128,-215.98710754468635,-220.6428672851569,-225.06578769781265,-229.26751422175818,-233.25910986190902,-237.05108431580967,-240.6534216443367,-244.07560655900522,-247.32664939496507,-250.41510983535156,-253.34911944937414,-256.13640310342134,-258.78429930150793,-261.2997795085729,-263.6894665074738,-265.9596518379813,-268.1163123636664,-270.16512601028194
449,0.08671875000000001,-23.739876855354318,-39.91849168259963,-55.246090097542094,-69.79752925767838,-83.61892437098146,-96.74844204110508,-109.22106575789424,-121.06974098642641,-132.3256997482601,-143.0185966879053,-153.1765994212424,-162.82646555997061,-171.99361388038884,-180.70219146938604,-188.97513739961406,-196.83424318878411,-204.30021022374288,-211.3927043066453,-218.13040746913424,-224.5310671921509,-230.61154316175345,-236.3878516846213,-241.87520788062506,-247.08806576390077,-252.04015631822995,-256.74452366720453,-261.21355943458826,-265.4590353854991,-269.492134434477,-273.32348010219636,-276.96316449846125,-280.4207749052513,-283.7054190298702,-286.8257489947522,-289.7899841271419,-292.60593260869604,-295.2810120420556,-297.822268988571,-300.23639752866126,-302.5297568937008
450,0.0859375,-26.24901838056492,-44.138092811126825,-61.08643921759949,-77.17677408384338,-92.46004958951808,-106.97843853402851,-120.77060028972683,-133.87294506745778,-146.31999165908533,-158.14451713538244,-169.3776562282029,-180.04898612695493,-190.18660489630903,-199.8172055110986,-208.96614609943762,-217.6575166633361,-225.91420246804478,-233.75794426814394,-241.2093955274714,-248.28817678196094,-255.01292728723865,-261.4013540859726,-267.4702786234107,-273.2356810332653,-278.71274221009423,-283.91588377860694,-288.8588060648514,-293.55452416904416,-298.0154022348405,-302.2531860051468,-306.27903375006684,-310.10354564833534,-313.7367916995198,-317.18833824042486,-320.46727313547046,-323.5822297073258,-326.54140947078156,-329.3526037296891,-332.02321409381256,-334.56027196959735
451,0.08515625,-28.715591616600467,-48.28516647688789,-66.82537281824231,-84.4267537080684,-101.14508724470922,-117.02653760661427,-132.11341912927278,-146.44558126619816,-160.0608011191855,-172.99494797028368,-185.282092530136,-196.95460008014535,-208.04321653848444,-218.5771496648034,-228.5841460699277,-238.09056433801868,-247.1214444791087,-255.7005739018789,-263.8505500828665,-271.59284009835125,-278.9478371764593,-285.9349144189588,-292.5724758346357,-298.8780048189655,-304.86811020800343,-310.5585700279821,-315.964373055987,-321.09975830130037,-325.9782525114883,-330.612705802106,-335.0153255039165,-339.19770831683235,-343.17087085530915,-346.94527866567773,-350.53087379187735,-353.9371009622129,-357.1729324661355,-360.24689178658167,-363.1670760501338,-365.9411773541429
452,0.084375,-31.139979085005137,-52.36225084946113,-72.46848214506956,-91.55680853473126,-109.68768067646526,-126.91113280376564,-143.27303029158847,-158.81656972818283,-173.5827034619852,-187.61031728864376,-200.93634841700165,-213.59588611281538,-225.62226476283016,-237.0471517310094,-247.9006307105569,-258.21128089281063,-268.00625218097485,-277.31133664877586,-286.15103643095534,-294.5486282228493,-302.52622455762673,-310.1048320215646,-317.30440655989753,-324.1439060182984,-330.64134005788964,-336.8138175748742,-342.67759174936776,-348.2481028418398,-353.5400188496706,-358.5672741307501,-363.34310609569394,-367.8800900652134,-372.190172384343,-376.2847018806607,-380.17445974929007,-383.86968794333086,-387.38011614444594,-390.714987384594,-393.88308238635204,-396.8927426859044
453,0.08359375000000001,-33.51426520787945,-56.35414716640791,-77.99265489907616,-98.53545915499755,-118.04765703228817,-136.58312566661618,-154.19124935710667,-170.91853586052372,-186.809074450457,-201.90472790040076,-216.2452599584633,-229.86844403299648,-242.81016362520865,-255.10450709193577,-266.7838575150734,-277.87897803577823,-288.41909290726494,-298.4319644874432,-307.94396637677715,-316.9801528952128,-325.564325081905,-333.7190933920917,-341.46593725663615,-348.82526166140457,-355.8164508957281,-362.4579196117013,-368.76716132893773,-374.76079451265844,-380.4546063465615,-385.86359431585083,-391.00200570999795,-395.88337514934193,-400.5205602344025,-404.925775411839,-409.11062414628316,-413.0861294828024,-416.8627630805155,-420.45047279384374,-423.85870887406026,-427.09644886016
454,0.08281250000000001,-35.83895146458552,-60.26357820220301,-83.40373278732949,-105.37236482344534,-126.23905074844605,-146.0613777521596,-164.89213443679677,-182.78103744662553,-199.77522020176008,-215.9194374788193,-231.25620123342202,-245.82589647064745,-259.666888381707,-272.81562347983925,-285.30672554734286,-297.173086764647,-308.4459542847117,-319.1550124836846,-329.32846110339193,-338.99308948999555,-348.17434712308057,-356.8964106199375,-365.18224739074566,-373.05367611171323,-380.5314241749765,-387.63518226619726,-394.3836562132998,-400.79461624266804,-406.88494377232803,-412.6706758652059,-418.1670474593947,-423.3885314865525,-428.34887698399524,-433.0611453007829,-437.53774449309486,-441.7904619994198,-445.8304956815753,-449.6684833132669,-453.3145305938153,-456.7782377608054
455,0.08203125,-38.1063122108641,-64.07568580220752,-88.67908633288684,-112.03666073833269,-134.22242377110078,-155.29763335355133,-175.31843927775662,-194.3377208678893,-212.40560774425052,-229.56969807381589,-245.875203485389,-261.3650726286122,-276.08010535398137,-290.05906044943623,-303.33875781545083,-315.95417548516235,-327.9385417777116,-339.3234228360545,-350.13880578255294,-360.4131777125961,-370.17360073503863,-379.445783257607,-388.254147705404,-396.6218948511603,-404.5710649268915,-412.12259567810037,-419.29637751356336,-426.1113058960777,-432.5853311122378,-438.7355055524157,-444.5780286255181,-450.12828942687855,-455.4009072717029,-460.40977020085813,-465.1680715604553,-469.6883447515912,-473.98249624179687,-478.0618369251533,-481.9371119136882,-485.618528838533
456,0.08125,-40.31696479210639,-67.79336055898018,-93.82477168821423,-118.53826545191734,-142.01211510590684,-164.31110575209865,-185.49462376060734,-205.61859931201735,-224.73605630486017,-242.89734256859913,-260.15028270524425,-276.5403084721758,-292.1105793308778,-306.90209623896203,-320.9538096006669,-334.30272179426134,-346.9839845733548,-359.0309916024513,-370.47546636966314,-381.34754570674045,-391.6758591351719,-401.4876042463698,-410.80861831373215,-419.66344632460505,-428.0754056108717,-436.0666472480267,-443.6582143841538,-450.8700976521978,-457.7212878112764,-464.22982575552896,-470.41285002206956,-476.2866419230707,-481.8666684207463,-487.16762285808306,-492.2034636525284,-496.98745105448717,-501.53218206739484,-505.8496236212973,-509.95114408726795,-513.8475432156401
457,0.08046875,-42.46342112886024,-71.40217653114728,-98.8187817166835,-124.8471190613187,-149.56966464640598,-173.0546795054629,-195.364732741303,-216.55874922683012,-236.69258986322455,-255.81929475236788,-273.98924465899063,-291.2502986812812,-307.6479214743441,-323.22530329637726,-338.02347385947803,-352.08141043753636,-365.43614055196343,-378.12283951497733,-390.17492309024345,-401.62413551616675,-412.5006331243931,-422.8330637742478,-432.64864231269576,-441.9732222588493,-450.8313639020472,-459.24639899303514,-467.2404921987681,-474.8346994828087,-482.04902356516374,-488.9024666077189,-495.4130802640754,-501.5980132256757,-507.4735563894757,-513.0551857661642,-518.3576032419708,-523.3947753014411,-528.1799698131919,-532.7257909755456,-537.0442125141025,-541.1466092186951
458,0.07968750000000001,-44.546410626407436,-74.9051743078886,-103.66734967796708,-130.9733382653029,-156.9096275629024,-181.54780116299773,-204.95347706681946,-227.18845416304524,-248.31131991860227,-268.3777048046375,-287.44045121493383,-305.5497575572415,-322.75331147085063,-339.09641557317826,-354.6221067481815,-369.3712694399795,-383.3827432805616,-396.6934253397251,-409.33836726600055,-421.35086757312587,-432.762559313963,-443.60349337184357,-453.9022175879961,-463.6858519328914,-472.9801599190516,-481.8096164430566,-490.19747223514315,-498.16581508591804,-505.73562801124694,-512.9268445083734,-519.7584010486546,-526.2482869450769,-532.4135917257914,-538.2705501383703,-543.8345849032486,-549.1203473288987,-554.1417558956648,-558.912032909835,-563.4437393244528,-567.7488078185542
459,0.07890625000000001,-46.55872893659913,-78.2884491018167,-108.34922645706119,-136.88785338914167,-163.99475881565652,-189.74478602923293,-214.20653768403042,-237.44462091018514,-259.52028348866804,-280.4916804463501,-300.4140510696753,-319.3398698380822,-337.3189859065315,-354.39875472114335,-370.6241628437922,-386.03794648124165,-400.68070407017063,-414.5910032245445,-427.8054823300223,-440.3589470542268,-452.28446202777195,-463.61343793799455,-474.37571426513364,-484.59963787913665,-494.31213770431,-503.5387956486393,-512.3039139847149,-520.6305793598476,-528.5407236040376,-536.0551814960382,-543.1937456397022,-549.9752185951978,-556.4174624024384,-562.5374456271866,-568.3512880537771,-573.8743031421881,-579.1210383613055,-584.1053135046252,-588.8402570893244,-593.3383409345815
460,0.078125,-48.50121302758206,-81.55517275248927,-112.87078399072621,-142.6009169052974,-170.83974000215696,-197.6651940271243,-223.1487240556762,-247.35761667381976,-270.35566170560276,-292.20342928345,-312.9584538019405,-332.67539082927584,-351.40616217236135,-369.2000928026853,-386.10404074719366,-402.16252044963784,-417.4178199611181,-431.91011227400134,-445.67756109215225,-458.75642131487245,-471.1811344980962,-482.98441954337716,-494.1973588528329,-504.84948017641744,-514.9688343666658,-524.5820692453646,-533.7144997764191,-542.3901747295237,-550.6319400100228,-558.4614988216263,-565.8994688202943,-572.9654364097332,-579.6780083214117,-586.0548606148735,-592.1127852273457,-597.867734195185,-603.3348616635894,-608.5285637951795,-613.4625166825225,-618.1497123644282
461,0.07734375,-50.3669866997195,-84.69204735415315,-117.21166219345645,-148.0846285914227,-177.40877077745907,-205.2650528694341,-231.727688114604,-256.8665675758288,-280.7479483008727,-303.4347416964628,-324.9867050021379,-345.4606045559283,-364.9103666759945,-383.3872200342729,-400.9398306852709,-417.61443028567413,-433.45493788454314,-448.50307561540654,-462.79847859806904,-476.3787993408414,-489.2798069188514,-501.53548119010526,-513.1781022977905,-524.2383356948031,-534.7453129146409,-544.7267083015563,-554.2088119021814,-563.2165987107172,-571.7737944501325,-579.9029380627113,-587.6254410745742,-594.9616439905832,-601.9308698681963,-608.5514752114033,-614.8408983188187,-620.815705213284,-626.4916332739765,-631.8836326859483,-637.0059058162858,-641.871944620606
462,0.0765625,-52.15698932383446,-87.70235644129603,-121.37833239398772,-153.34931348376958,-183.71656864929903,-212.5639152592834,-239.96818498072165,-266.0017372527033,-290.73317097085715,-314.2276224938215,-336.54696349824604,-357.74996974298637,-377.8924770873173,-397.0275287519111,-415.2055150113538,-432.47430586265267,-448.87937705609806,-464.46392982674894,-479.269004641861,-493.3335892627746,-506.69472140483856,-519.3875862649096,-531.4456091726412,-542.9005436090661,-553.7825548238943,-564.1202992714328,-573.941000074083,-583.2705187119632,-592.1334231272936,-600.5530524227834,-608.5515783242926,-616.150063569559,-623.3685173766843,-630.2259481384028,-636.7404134808618,-642.9290678186974,-648.8082075316229,-654.3933138814665,-659.6990937826665,-664.7395185335726
463,0.07578125000000001,-53.86471524285252,-90.5734909758,-125.35144906299729,-158.36841282650502,-189.7289986885417,-219.51979242142156,-247.82016031607188,-274.70484646636135,-300.2447086900517,-324.50702690392507,-347.5557078773097,-369.4514598234303,-390.25195374992205,-410.01197571270257,-428.7835712164702,-446.6161823342669,-463.5567779519682,-479.64997749181595,-494.9381684440485,-509.46161801741476,-523.2585792032999,-536.3653915332441,-548.816576795557,-560.6449299633625,-571.8816055737524,-582.5561997857069,-592.6968283330183,-602.3302005776314,-611.4816898585119,-620.1754003214011,-628.4342304055102,-636.2799331544219,-643.7331735100661,-650.8135827407131,-657.5398101463506,-663.9295721776496,-669.9996990979076,-675.7661793108756,-681.2442014712393,-686.4481944886667
464,0.07500000000000001,-55.491200438741664,-93.3088259430035,-129.13754302330622,-163.1522605623929,-195.46072357484624,-226.15210929022325,-255.30816227418902,-283.00586869883773,-309.3182135963105,-334.314497964088,-358.0605493013756,-380.61890118553623,-402.04895928153087,-422.40715803008413,-441.7471092805876,-460.119743448825,-477.57344361112723,-494.1541728952427,-509.90559550367044,-524.8691916872589,-539.0843669709254,-552.5885559183797,-565.4173207085282,-577.6044447827054,-589.1820218089944,-600.180540197648,-610.6289633899582,-620.5548061318415,-629.9842069328591,-638.9419969013913,-647.451765137136,-655.5359208530825,-663.215752390485,-670.5114832822104,-677.4423255120593,-684.0265301102819,-690.2814352185109,-696.2235117506609,-701.8684067700286,-707.2309846968088
465,0.07421875,-57.03034990653466,-95.89651891134534,-132.7184025734076,-167.67580314569028,-200.87948424809326,-232.4211194772074,-262.3847388479725,-290.8494786629977,-317.8903606479643,-343.57861842658775,-367.98191429144623,-391.1645240445862,-413.18750782213317,-434.1088712896929,-453.983718524276,-472.8643971884277,-490.80063642601027,-507.8396778543798,-524.0264000012145,-539.4034365149512,-554.0112884608046,-567.8884309985407,-581.0714147232757,-593.5949619364377,-605.492058100625,-616.7940387193788,-627.5306718707989,-637.7302366124743,-647.4195974642944,-656.6242751653832,-665.3685138915529,-673.675345110359,-681.5666482419692,-689.0632082856398,-696.1847705635997,-702.9500927265445,-709.3769941577258,-715.4824029057742,-721.2824002698721,-726.7922631547195
466,0.0734375,-58.48328985216766,-98.34001550910298,-136.1005777655071,-171.94931971347148,-205.9997981595597,-238.3460003868111,-269.0740798770414,-298.26517488992135,-325.9962066170402,-352.3402134309624,-377.3665728049696,-401.1411905945805,-423.72667601471727,-445.18250678902086,-465.565185806773,-484.92838989955123,-503.3231111719438,-520.797791266396,-537.3984489162996,-553.1688011224528,-568.1503782711604,-582.3826334964372,-595.9030465737727,-608.7472226186443,-620.948985849364,-632.540468660938,-643.5521962442975,-654.0131669735961,-663.9509287731314,-673.3916516649133,-682.3601966878362,-690.8801813698909,-698.974041925784,-706.6630923437134,-713.9675805168673,-720.9067415674446,-727.4988485035924,-733.7612603426561,-739.7104678274474,-745.3621368559188
467,0.07265625,-59.844373500511594,-100.62831292379825,-139.26710300710656,-175.94941639352166,-210.7914810059722,-243.88949306702276,-275.3316282425539,-305.2009271422137,-333.5761128656447,-360.53193356445166,-386.13938989386946,-410.465928963019,-433.5756235804236,-455.52934139711687,-476.3849053274243,-496.1972458826128,-515.0185458677929,-532.8983778351276,-549.883834658665,-566.0196535758905,-581.3483340232954,-595.9102495767025,-609.7437542914494,-622.8852837227237,-635.3694508922761,-647.2291374544031,-658.495580301407,-669.198453836724,-679.3659481324661,-689.0248431772968,-698.2005794102226,-706.9173247261185,-715.19803812949,-723.0645302041501,-730.5375205580951,-737.6366923948948,-744.380744355337,-750.7874397658875,-756.8736534236741,-762.655416041236
468,0.07187500000000001,-61.114810338038865,-102.7649061832066,-142.22450719655015,-179.6862541429315,-215.26881550531508,-249.07040915727111,-281.18106633181185,-311.6855771317502,-340.6643246633236,-368.19363436825813,-394.3460059586559,-419.19031123662126,-442.7919769603569,-465.2131574364311,-486.5128982348738,-506.74729166750416,-525.9696244838549,-544.2305181822062,-561.5780623060241,-578.0579410761874,-593.7135536917284,-608.5861286152606,-622.7148321435645,-636.1368715488723,-648.8875930621629,-661.0005749562876,-672.5077159738594,-683.4393193326451,-693.8241725295629,-703.6896231533632,-713.061650905563,-721.9649360192437,-730.4229242558416,-738.4578886510616,-746.0909881724903,-753.3423234433525,-760.2309896791444,-766.7751269765317,-772.991968086933,-778.8978838005947
469,0.07109375000000001,-62.28943663370348,-104.7396999299295,-144.95717544886702,-183.13824299401554,-219.40387820742905,-253.85420685584515,-286.5810066236908,-317.67071045459693,-347.20525746800195,-375.26244949611936,-401.91618781412654,-427.23667500430537,-451.2906015173541,-474.14132172037756,-495.8490208674794,-516.470873653743,-536.0611948211478,-554.6715822253658,-572.3510527435607,-589.1461713822973,-605.1011739261671,-620.2580834505117,-634.6568210053706,-648.3353107623657,-661.3295799016012,-673.6738535017878,-685.4006446835963,-696.5408402437401,-707.123782005383,-717.1773440991901,-726.728006378596,-735.8009241626866,-744.4199944904092,-752.6079190606345,-760.3862640238558,-767.7755167830247,-774.7951399531319,-781.4636226216678,-787.7985290449757,-793.8165449087662
470,0.0703125,-63.36953769763022,-106.55621704323447,-147.47157525571345,-186.31536307820454,-223.21062903930275,-258.25921605715484,-291.55447804338473,-323.1843341846812,-353.23213391327,-381.7770191682369,-408.8941649156054,-434.65498428644275,-459.127318204458,-482.3756143571293,-504.4610969596167,-525.4419279761879,-545.3733602707543,-564.3078830990302,-582.2953603265016,-599.3831617356911,-615.6162877678444,-631.0374880269736,-645.6873738578918,-659.6045252943665,-672.8255926587657,-685.3853930805595,-697.3170021876798,-708.6518412120877,-719.4197597388256,-729.6491143164048,-739.3668431354653,-748.5985369723345,-757.3685065842637,-765.6998467337959,-773.6144970108463,-781.133299612644,-788.2760542336841,-795.0615702102293,-801.5077160566677,-807.6314665241792
471,0.06953125,-64.35046467897763,-108.20533186204202,-149.75353871061014,-189.1979614416806,-226.66357756125697,-262.2538250714968,-296.0635178353324,-328.18194824244813,-358.6937662500779,-387.67934769680124,-415.21503885173394,-441.3733649479919,-466.2232229095871,-489.83006321890474,-512.2560624076755,-533.5602868537509,-553.7988483674972,-573.0250519901248,-591.289536396537,-608.6404072736035,-625.1233640256715,-640.7818201413495,-655.6570175388144,-669.7881351909787,-683.2123923167433,-695.9651464102329,-708.0799863662786,-719.5888209474922,-730.5219628259881,-740.9082084211465,-750.7749137437261,-760.1480664461156,-769.0523542685143,-777.5112300613285,-785.5469735550624,-793.1807500404009,-800.4326661130474,-807.321822630149,-813.8663650177881,-820.0835310620515
472,0.06875,-65.23357078715277,-109.69057339738177,-151.80943202427795,-191.79577585937247,-229.77627484167698,-265.85576903834965,-300.1303594816171,-332.69055239092984,-363.62214964745095,-393.006621751177,-420.9213554433186,-447.43986489814097,-472.63198694294755,-496.5640653046493,-519.2991253758439,-540.8970401853541,-561.4146880591528,-580.9061023966384,-599.422613957975,-617.0129860368417,-633.723542873989,-649.5982916492841,-664.6790383731097,-679.0054979820163,-692.6153989283243,-705.5445825389306,-717.8270974048334,-729.4952890498369,-740.5798851144868,-751.1100762794997,-761.1135931417341,-770.6167792451157,-779.644660458809,-788.221010885306,-796.3684154719847,-804.1083294910047,-811.4611350441631,-818.4461947415114,-825.0819026950784,-831.3857329619971
473,0.06796875,-66.01475071323173,-111.00384194723073,-153.62662161858776,-194.0912115583304,-232.5258206084074,-269.0365612766049,-303.7206990452637,-336.66983523275155,-367.970808738875,-397.7060738647272,-425.9539511731529,-452.7888414058563,-478.2814231876558,-502.4988395921734,-525.5048750897242,-547.3601235770224,-568.1221479848112,-587.845631896499,-606.5825235804275,-624.382172816188,-641.2914608758336,-657.3549240026248,-672.6148707127177,-687.1114932289034,-700.8829733400054,-713.9655829648418,-726.3937796856883,-738.2002975029174,-749.4162330498834,-760.0711274951767,-770.1930443479744,-779.8086433714489,-788.9432507989223,-797.6209260377165,-805.8645250364001,-813.6957604823396,-821.1352589881051,-828.2026154173695,-834.9164444933726,-841.2944298258984
474,0.09765625,13.381570178311724,22.501272220587822,31.141378142499224,39.34405883165471,47.13529135660444,54.536576734256094,61.56762460118567,68.24699780016988,74.59229479913714,80.62022603484091,86.34666459702439,91.78668947151063,96.95462552801467,101.86408127129457,106.52798465764663,110.95861711443393,115.1676458604426,119.16615461291188,122.9646727614744,126.57320308510772,130.00124808448996,133.257834998645,136.35153957140238,139.29050862998437,142.08248153496982,144.73481055794915,147.25448024040654,149.64812578469875,151.92205052548024,154.08224252751015,156.13439035349916,158.08389804346854,159.93589934503342,161.69527123205202,163.3666467472133,164.95442720236534,166.46279376868895,167.8957184872292,169.25697472876223,170.55014713053416
475,0.096875,10.729265687440027,18.041004383693128,24.968039627333543,31.54422551209563,37.7904193063107,43.7238817974018,49.360432486628774,54.71496793226491,59.80160895193899,64.63376245108226,69.22416248487208,73.58490523292292,77.7274812845721,81.66280607680146,85.40124874295121,88.95265949310607,92.32639561166242,95.53134614584582,98.57595535303896,101.46824497051375,104.21583536752865,106.82596563647627,109.30551267673633,111.66100932206706,113.89866155972892,116.02436488704049,118.04371984873617,119.96204679626904,121.78439990812313,123.51558050820692,125.16014971753746,126.72244047263523,128.20656894237456,129.61644537343025,130.95578439294516,132.22811479560988,133.43678884097113,134.58499108549907,135.67574677270395,136.7119298034303
476,0.0671875,-66.69541722292144,-112.14865089685854,-155.21133317352425,-196.09370392036618,-234.9252735243932,-271.81323282778334,-306.8558374884397,-340.14562275753696,-371.77031396795684,-401.8132078877997,-430.35342591839424,-457.4661300378057,-483.2227224096049,-507.69103376894145,-530.9355021132958,-553.017342398867,-573.9947077398544,-593.9228425454284,-612.8542279991922,-630.838720264031,-647.9236817758265,-664.1541059713797,-679.572735778668,-694.2201761812178,-708.1350011528322,-721.3538552441248,-733.911550088263,-745.8411560799783,-757.1740894691899,-767.9401950985616,-778.1678250028156,-787.8839130767672,-797.1140460086874,-805.8825306657694,-814.2124581091457,-822.1257644070206,-829.6432884060614,-836.7848266131814,-843.5691853322387,-850.01423019295
477,0.0,18.618422191336123,31.307042410410997,43.328350738193535,54.7410280073192,65.58122186813573,75.87885105921241,85.6613411234026,94.9545214842009,103.78287939767759,112.16966626729402,120.13696822794452,127.705766358409,134.89599235248215,141.72658106990102,148.21552038969708,154.37989855914805,160.2359491754717,165.79909392045684,171.0839831602034,176.10453451624778,180.87396950908894,185.4048483701807,189.7091031137271,193.7980689551143,197.68251415851972,201.37266839213478,204.8782496655574,208.2084899201857,211.37215933992746,214.3775894461797,217.2326950378477,219.94499503413496,222.521632274962,224.96939233112514,227.29472137370735,229.50374314978265,231.60227510909772,233.5958437241909,235.4896990442785,237.28882852122638
478,0.09843750000000001,16.011485864149748,26.923080957208253,37.260642537104445,47.07467561852586,56.39629465400218,65.25124990776462,73.6631426868061,81.65419829536279,89.24548534943371,96.45700780959119,103.3077660970166,109.81580917146756,115.99828262595155,121.87147404507763,127.45085600624738,132.75112690010567,137.78624969516002,142.56948875478372,147.11344480653256,151.4300881577001,155.5307902458628,159.42635360845688,163.12704035102934,166.64259918969347,169.9822911394448,173.15491391632995,176.16882511801697,179.0319642440331,181.75187361384863,184.3357182380414,186.79030469500375,189.12209906300356,191.33724395491475,193.44157470055282,195.44063471929186,197.33969012350553,199.14374359133268,200.85754754534514,202.4856166718564,204.03223981387146
479,0.0,21.194989905415035,35.63916778205949,49.32352119223884,62.3148946914377,74.65446808548548,86.37632235652192,97.5116951074043,108.09000336197252,118.13913363960009,127.68556362495515,136.75444296132858,145.36966211079925,153.55391596177657,161.3287638281328,168.71468633775518,175.73113944139004,182.39660570531709,188.72864302984996,194.74393092504448,200.45831446729184,205.88684605379268,211.0438250657903,215.94283554570427,220.596781987924,225.01792333794032,229.2179052896795,233.20779096637096,236.9980900659575,240.59878654798385,244.01936493501995,247.26883529800995,250.3557569914415,253.28826120093305,256.07407236268733,258.72052851128103,261.2346006094329,263.62291091069494,265.8917504034707,268.0470953823305,270.09462319029234
480,0.12734375,68.1145622450832,114.53470027164393,158.51326928583302,200.2650085159086,239.92220309437758,277.59433944392634,313.3817758600179,347.3790265198403,379.67569185268,410.35684833960573,439.5033073273168,467.1918357309784,493.49536001340084,518.4831586746575,542.2210448203284,564.7715395295648,586.1940365344468,606.544958657177,625.8779064203316,644.2437992225273,661.6910094517106,678.2654898895127,694.0108947423705,708.9686946182943,723.1782857521882,736.6770937674679,749.5006722473107,761.6827963751961,773.2555518914025,784.2494195997715,794.6933556473442,804.6148677883151,814.0400878331915,822.9938404739788,831.4997086666714,839.5800957432677,847.2562844168947,854.5484928354642,861.4759278314887,868.0568355083165
481,0.1265625,68.37903392251279,114.97961203833454,159.12927168915763,201.04356508382574,240.85527551051223,278.6743023575279,314.60138366325305,348.73139223127976,381.1542692176834,411.9554151866668,441.21594975205295,469.0129330090591,495.41957020932415,520.5054049233322,544.336502258149,566.9756228503654,588.4823881449489,608.9134374063558,628.3225768773708,646.7609214785372,664.2770294210721,680.9170300875022,696.7247455165651,711.7418058121391,726.0077587799988,739.56017408102,752.4347421750466,764.6653683159244,776.2842618451962,787.3220210195692,797.8077135955315,807.7689533833058,817.2319729717357,826.221692815616,834.7617868673937,842.8747449260823,850.5819318675789,857.9036439123665,864.8591620787805,871.466802962612
482,0.12578125,68.53714198975621,115.24528027082239,159.49670740827366,201.50749359576238,241.41074377139122,279.3166229503485,315.32611153987386,349.5343096764474,382.03137333990935,412.90290655293495,442.2302217878317,470.09056202951336,496.5573060134408,521.7001619043399,545.5853509931292,568.2757821374179,589.8312174600042,610.3084297545405,629.7613520160579,648.2412194910656,665.7967046216806,682.4740452393868,698.3171663461648,713.367795803832,727.6655742363546,741.2481594346432,754.1513255388551,766.4090572594533,778.0536393852186,789.1157418139638,799.6245003299352,809.6075933406523,819.0913147753125,828.1006433367688,836.6593082894707,844.789851956663,852.5136890914359,859.8511632780086,866.8216005117943,873.4433600993697
483,0.125,68.59042442210969,115.33504256168892,159.6211548728424,201.6649824577334,241.5997208614157,279.5356105283558,315.5737019329326,349.8091619751815,382.3322105104231,413.2285126506991,442.5794392342656,470.4622889600213,496.9504937086531,522.1138123123666,546.0185143469178,568.7275546686936,590.3007392095393,610.794882477363,630.2639571794746,648.7592363628949,666.3294284457915,683.0208054954624,698.8773250905181,713.9407460880662,728.250738600673,741.8449884726574,754.759296530796,767.0276728707788,778.6824264276852,789.7542500663407,800.2723014156252,810.2642796595962,819.7564984876466,828.7739553958122,837.3403975217225,845.4783841865782,853.2093463088548,860.5536428462042,867.5306144141936,874.1586342230884
484,0.12421875,68.53716746289201,115.2453347936048,159.49679529054472,201.50761796818875,241.41090693405067,279.31682659188624,315.32635688293533,349.5345975790162,382.03170436893606,412.90328103971734,442.2306398708492,470.09102368830935,496.55781109590606,521.7007101490019,545.5859420475748,568.2764155736639,589.8318927874237,610.3091464308027,629.7621094564349,648.2420170763862,665.7975417051512,682.4749211524553,698.3180804035761,713.3687473079902,727.666562481094,741.2491837084865,754.15238512783,766.4101514495287,778.0547674644022,789.1169030741136,799.6256940683122,809.6088188612538,819.0925713900074,828.1019303662595,836.6606250641076,844.7911978171218,852.5150633892796,859.8525653761437,866.8230297848393,873.4448159339381
485,0.1234375,68.37893214624603,114.97939419425373,159.12892055631974,201.0430681529568,240.8546235912933,278.67348870296996,314.6004033886022,348.730241909095,381.1529465836143,411.9539189181449,441.2142792971046,469.01108845089436,495.4175521572876,520.5032144238141,544.3341407209483,566.9730919872486,588.4796899179782,608.9105739841615,628.3195505979421,646.7577348174302,664.2736849641456,680.9135305074726,696.7210935528019,711.7380042532252,726.0038104486622,739.5560818211092,752.4305088402702,764.6609967601264,776.279754913962,787.3173815429992,797.8029443820296,807.7640572142618,817.22695259699,826.2165509496127,834.7565261859397,842.869368063639,850.5764414150243,857.8980424151708,864.8534520355489,871.4609868239457
486,0.12265625000000001,68.11463850742325,114.5348635038009,158.51353239075596,200.26538086629125,239.92269157626933,277.5949491128487,313.3825103763681,347.37988845227824,379.6766828985616,410.35796949078167,439.50455899837254,467.1932178606712,493.49687214634224,518.4848000280442,542.2228143390953,564.7734359324033,586.1960583525038,606.5471042668051,625.8801740709554,644.2461870604542,661.6935155405486,678.2681122277309,694.0136312784306,708.9715432637128,723.1812443928235,736.6801602732767,749.5038444807819,761.6860721986387,773.2589291732331,784.2528962199311,794.6969295019519,804.6185367936552,814.0438499291129,822.9976936267808,831.5036508715348,839.5841250262862,847.2603988367557,854.5526904848174,861.4802068380443,868.0611940356998
487,0.12187500000000001,67.7458610151155,113.91485962644263,157.6556035277718,199.18165647789684,238.62457747245426,276.09325214893965,311.6874887392332,345.5012839337547,377.62374799121864,408.13949228287714,437.12888660517035,464.6682786149761,490.8301966491936,515.6835411287457,539.2937661032314,561.7230516513223,583.0304676441216,603.2721293145926,622.5013450452884,640.7687567640744,658.12247331762,674.6081971738735,690.2693447871503,705.1471609427861,719.2808273824661,732.7075659962767,745.462736853233,757.5799313284379,769.0910605721268,780.0264395535837,790.4148669012573,800.2837007493482,809.6589307906106,818.5652467251309,827.0261032853448,835.0637820085516,842.6994499196048,849.9532152783326,856.8441805385053,863.3904926578236
488,0.12109375,67.27216015484863,113.11824669312843,156.55298085158407,197.78844109478675,236.95527304047022,274.1616064602973,309.5065564800581,343.0834667942484,374.9808284189661,405.28266459787653,434.0687863650987,461.41501048270663,487.39336087076003,512.0722586962431,535.5167026678117,557.7884402473934,578.9461302829503,599.0454975028427,618.1394792814656,636.2783650633609,653.5099288131782,669.8795548403942,685.430357330197,700.2032938953747,714.2372734482897,727.5692586770506,740.2343633957943,752.2659450254761,763.6956924487478,774.5537094703137,784.8685941025835,794.6675138854426,803.9762774385166,812.8194024343818,821.2201801717471,829.20073691868,836.7820921874383,843.9842140943907,850.8260719508307,857.3256862231949
489,0.1203125,66.69511412274139,112.1480020678184,155.21028727653572,196.09222365440593,234.92333148064142,271.81080888244855,306.8529170720499,340.1421956485393,371.76637341581346,401.8087499531596,430.34844896252514,457.460634318577,483.21670975602757,507.68450731518686,530.9284660787979,553.009801904782,573.9866686546835,593.9143113543316,612.8452116927801,630.8292262433221,647.913717770735,664.1436799706162,679.5618559693231,694.2088508966152,708.1232388274731,721.3416643747399,733.8989392001536,745.8281336979375,757.1606640924231,767.9263751790851,778.153618926906,787.8693291490805,797.0990924387218,805.8672155563895,814.1967894469186,822.1097500541495,829.626936093727,836.7681439361215,843.5521797444219,849.9969090042111
490,0.11953125,66.0149265643507,111.00421827526206,153.6272281251531,194.0920698109341,232.5269464485567,269.0379663332089,303.72239173843957,336.67182147288634,367.9730924342329,397.708657303017,425.9568353164835,452.7920261238985,478.284907445302,502.5026216027584,525.5089524416088,547.3644933391636,568.126806795507,587.8505760384681,606.5877490446703,624.387675356546,641.2972360557657,657.3609672354279,672.6211772961861,687.1180583752462,700.8897922016993,713.972650656982,726.4010913053139,738.2078481457102,749.4240178245855,760.0791415360125,770.2012828253315,779.8171015010339,788.9519238495727,797.6298093380389,805.8736139803692,813.7050505339845,821.144745685395,828.2122943753834,834.9263114068506,841.304480471236
491,0.11875000000000001,65.23316967311376,109.68971478273782,151.80804799039063,191.7938170630882,229.77370502805178,265.8525615901184,300.1264951288213,332.6860176145417,363.6169355191206,393.00072306028284,420.9147700215563,447.43259308511915,472.6240311557317,496.5554296860085,519.2898155034626,540.8870628291456,561.4040509771464,580.8948141622036,599.410683812804,617.0004237653122,633.7103586954164,649.584496125264,664.6646423276638,678.9905124326676,692.5998350265479,705.528451518678,717.8104105380437,729.478057608008,740.5621203355248,751.0917893391679,761.0947951291337,770.5974811416925,779.6248731204583,788.2007450271999,796.3476816557957,804.0871381142367,811.4394963313443,818.4241187370221,825.0593992574262,831.3628117593609
492,0.11796875000000001,64.35068899907067,108.20581193834184,149.75431244985904,189.1990563727547,226.665013906382,262.2556176765505,296.06567745032635,328.1844824133885,358.69667996666743,387.6826438793885,415.21871872778826,441.3774283497512,466.22766851365424,489.8348887419016,512.2612647679034,533.5658623060324,553.804792616539,573.0313602864356,591.2962036180218,608.6474279952778,625.1307325794345,640.7895306673846,655.6650640298849,669.7965115306636,683.2210923124812,695.9741638218874,708.0893149308392,719.598454400418,730.5318949196336,740.9184329406373,750.785424520609,760.1588573700566,769.0634192972806,777.5225632292676,785.5585689802539,793.1926019306417,800.4447687708084,807.3341704566242,813.8789525161441,820.0963528399711
493,0.1171875,63.36904103988603,106.55515392972359,147.46986160580533,186.31293780981252,223.20744727401188,258.2552448475962,291.5496935373086,323.17871964843664,353.2256782953453,381.7697160185611,408.8860115494496,434.6459811229129,459.11746823369106,482.3649227049278,504.4495705275575,525.4295751412784,545.3601906328372,564.2939072669782,582.2805897362939,599.3676084949494,615.5999645225118,631.0204078466663,645.6695501370963,659.5859716671586,672.806322925133,685.3654211427125,697.2963419950071,708.6305067136085,719.3977648421735,729.6264728525026,739.3435688281837,748.5746434125174,757.3440072075825,765.6747548019752,773.5888255958486,781.1070615834668,788.2492622454565,795.0342366953331,801.4798532176467,807.6030863282213
494,0.11640625,62.289708036990106,104.74028078794696,144.95811163862635,183.13956783505574,219.40561617718015,253.85637592492057,286.583619805137,317.6737768830438,347.208783183456,375.26643803328193,401.92064065805755,427.2415919507143,451.2959809626477,474.14716089853385,495.8553160457815,516.477620296055,536.0683877251919,554.679215638882,572.359120463126,589.1546668377608,605.1100902530487,620.2674135522616,634.6665576070253,648.3454464568639,661.3401071898107,673.6847648271104,685.4119324618878,696.5524968891647,707.1357999527337,717.1897158231188,726.7407244101458,735.8139811034594,744.4333830246561,752.6216319655224,760.4002941781267,767.7898571742415,774.8097836836776,781.4785629136437,787.8137592441336,793.8320584875831
495,0.115625,61.11422119594996,102.763645118737,142.22247448435476,179.683377337632,215.2650413809104,249.06569863874608,281.1753911311279,311.6789174033552,340.6566673003312,368.1849717206533,394.3363348416538,419.1796321461283,442.78029344109547,465.200475565639,486.4992261955223,506.73263939214337,525.9540033550875,544.2139407791663,561.5605421886634,578.0394926009413,593.6941918534384,608.5658689112387,622.6936904564473,636.1148640455089,648.8647361062593,660.9768850328949,672.483209624111,683.4140130973827,693.7980829007042,703.6627665320192,713.0340435660626,721.9365940783341,730.3938636464297,738.4281250999503,746.060537181624,753.3112002741595,760.1992093396045,766.7427042106441,772.958917366304,778.8642193178903
496,0.11484375000000001,59.844690311068405,100.62899097598022,139.26819586427357,175.95096295953252,210.79350986177437,243.8920251965243,275.33467884107773,305.20450687627255,333.58022878798243,360.5365898020878,386.1445881801328,410.4716690582528,433.581903610688,455.5361581308156,476.3922544038985,496.2051220028396,515.0269429547236,532.9072891693696,549.8932529939106,566.0295712375489,581.3587429930689,595.9211415653151,609.7551208013302,622.8971161021158,635.3817403819967,647.241875228271,658.5087575011974,669.2120616023722,679.3799776281426,689.0392856138712,698.2154260645768,706.9325669576948,715.2136673944142,723.0805380672214,730.5538987028997,737.6534326322649,744.3978386303575,750.8048801636122,756.8914321737152,762.6735255213505
497,0.11406250000000001,58.48261185542313,98.33856426234723,136.0982385124811,171.94600909126885,205.99545492200284,238.3405795715296,269.06754893410897,298.25751098383853,325.9873946660473,352.3302446320421,377.3554434927667,401.1289013386624,423.7132308925126,445.16791279176266,465.5494523484492,484.9115284071297,503.30513474075667,520.7787143684603,537.3782871521404,553.1475710090297,568.1280970600052,582.3593190172672,595.8787170997203,608.7218967499339,620.9226824128151,632.5132066230943,643.5239946363461,653.9840448265129,663.920905061732,673.360745259669,682.3284263134847,690.8475655700016,698.9405990325472,706.6288404523226,713.9325374639435,720.870924913017,727.4622755162176,733.7239479872967,739.6724327557902,745.3233953988378
498,0.11328125,57.03071016861139,95.89728997121698,132.71964534953906,167.67756188554816,200.88179145921248,232.4239990268238,262.38820801952033,290.8535495887308,317.89504134959355,343.5839135978003,367.98782590302,391.17105182290703,413.194649634456,434.11662345880944,453.9920760885533,472.8733541187456,490.81018580816993,507.84981204346406,524.0371107529126,539.4147150977757,554.0231257523163,567.9008175680999,581.0843409033615,593.6084178842126,605.5060338511398,616.8085242315707,627.5456570672632,637.7457114138301,647.4355518188516,656.640699074702,665.3853974324162,673.6926784535992,681.5844216685351,689.0814122002356,696.2033955061887,702.9691293819728,709.3964333636875,715.5022356593138,721.3026177326008,726.8128566568917
499,0.1125,55.49043776496432,93.30719345546497,129.13491164136596,163.14853651874822,195.45583798005316,226.14601157119412,255.30081581933212,282.99724782313615,309.30830133584584,334.3032844169242,358.0480303440678,380.6050774577448,402.0338353682529,422.39074179349217,441.7294113077371,460.1007765907781,477.55322259536786,494.1327139976322,509.8829162693333,524.8453106920746,539.059303616999,552.5623302581636,565.3899532932561,577.5759565315741,589.1524338961417,600.149873954457,610.5972402206194,620.5220474404156,629.9504340603556,638.9072310715776,647.4160274099908,655.4992320849404,663.1781332000612,670.4729540217877,677.4029062432184,683.9862405836368,690.2402948569662,696.1815396357799,701.8256216311389,707.1874049025221
500,0.11171875,53.86511673291662,90.57435028374437,125.35283408585997,158.37037288175813,189.73157000921944,219.523001610391,247.82402663788227,274.7093834438688,300.24992526422545,324.5129283060078,347.56229630327374,369.45873496734737,390.259913233402,410.02061543565424,428.7928856469749,446.62616475041386,463.5674206452007,479.66127193901673,494.95010545394484,509.4741878556848,523.2717716998505,536.3791961744718,548.830982803859,560.6599263657773,571.8971812612779,582.5723435645837,592.7135289690717,602.3474468345861,611.4994705310665,620.1937042637238,628.453046555735,636.2992505556359,643.7529813282214,650.8338702798302,657.5605668613414,663.9507876850435,670.0213631847275,675.788281941887,681.2667327947588,686.4711448411056
501,0.11093750000000001,52.1561466728191,87.7005527721614,121.37542509661493,153.3451989637894,183.71117079808246,212.55717820429993,239.96006827401882,265.99221251778124,290.7222194659913,314.21523327904725,336.5331320173593,357.734696701766,377.875767550081,397.00939140336556,415.1859615464552,432.45335047746676,448.8570360196304,464.4402211185538,479.2439476437061,493.3072044951647,506.66703030107635,519.3586109768096,531.415372403098,542.8690684675449,553.74986470158,564.0864177333082,573.905950765654,583.2343252786876,592.0961091450722,600.5146413380976,608.5120934027834,616.1095278520006,623.326953641448,630.1833788696277,636.6968608416424,642.8845536286943,648.7627532485652,654.3469405860897,659.6518221666745,664.6913688902655
502,0.11015625000000001,50.36742694015734,84.69298960673285,117.21318091428498,148.08677786316602,177.41159033463927,205.2685718860286,231.73192771710546,256.87154259401757,280.75366853963226,303.441212892194,324.9939295623892,345.46858214432314,364.91909468319176,383.39669396265185,400.9500444668468,417.62537654733427,433.4666081710739,448.5154605782359,462.8115681558471,476.39258281666065,489.2942731579143,501.55061866091955,513.193899179383,524.254779952009,534.7623923631676,544.7444106642339,554.2271248576006,563.2355099352542,571.7932916542271,579.9230090221214,587.6460736572433,594.9828261796605,601.952589781679,608.5737211188131,614.8636586552623,620.8389685912167,626.5153884929348,631.907868740497,637.0306119023875,641.8971101405995
503,0.109375,48.50029559230382,81.55320901657615,112.86761869294745,142.59643726218067,170.8338631545215,197.6578591469837,223.13988710771022,247.3472467647079,270.3437384311578,292.1899407329948,312.9433950145353,332.65876257245634,351.38796995858246,369.18034608572594,386.08275225792823,402.1397056417639,417.3934965450376,431.88429982231304,445.650280703992,458.72769532908967,471.15098624729546,482.95287314241716,494.16443901656135,504.81521206235766,514.9332434391044,524.5451811578688,533.6763402702971,542.3507695461147,550.59131481503,558.4196791399485,565.8564799800487,572.9213034943268,579.6327561286774,586.0085136224191,592.0653675633625,597.8192696140735,603.2853735258202,608.4780750508925,613.41104985842,618.0972895535698
504,0.10859375,46.55920521097787,78.28946848444076,108.35086950321033,136.8901786125293,163.9978092067339,189.74859315275285,214.21112439781183,237.45000325922882,259.52647208112916,280.4986814883007,300.4218671653407,319.34850062271113,337.3284285559667,354.40900436805396,370.63521292166456,386.0497890113759,400.69332990300785,414.6044022438996,427.81964362684556,440.37385907508786,452.30011270218904,463.62981478793836,474.3928044994029,484.61742847482947,494.33061547723037,503.55794731416745,512.3237262104382,520.6510388110363,528.5618169829014,536.0768955755458,543.2160672926543,549.9981348191355,556.4409603408972,562.5615125877392,568.375911523248,573.8994707993786,579.1467380875241,584.1315333922845,588.8669854488302,593.3655662997173
505,0.1078125,44.54542406100194,74.90306260710317,103.66394588586869,130.96852110397495,156.9033079329031,181.53991365545886,204.94397433019577,227.1773029774042,248.29849834291295,268.3632000308353,287.4242579078836,305.53187654151145,322.733748673103,339.0751811580753,354.59921440415656,369.34673578324686,383.3565873539159,396.6656681883446,409.30903157653046,421.3199773652714,432.730139676025,443.56957023330455,453.86681752354224,463.64900199326405,472.94188748490836,481.7699490986508,490.1564376591442,498.1234409571026,505.6919419271381,512.8818739151683,519.7121731810349,526.2008287746722,532.3649299172403,538.2207110120587,543.7835944039222,549.0682309994507,554.0885388554801,558.8577398371524,563.3883944422699,567.6924348836504
506,0.10703125000000001,42.4639304986755,71.40326675390904,98.82053894938731,124.84960588729874,149.572927046446,173.05875124004913,195.36963825831947,216.56450568732924,236.69920861306315,255.82678242892933,273.9976040470845,291.2595293900466,307.6580204822833,323.23626539656027,338.0352920274843,352.0940761384356,365.44964399845134,378.13716988583496,390.1900687162049,401.64008403874817,412.5173716320953,422.8505789196907,432.66692041357163,441.9922493850721,450.8511259510655,459.26688175494536,467.26168141261275,474.8565808852213,482.0715829323609,488.92568979167515,495.436953223622,501.62252205314303,507.4986873334273,513.0809252506953,518.3839378829798,523.4216919202414,528.2074554477725,532.7538328897651,537.0727982050548,541.1757264224678
507,0.10625000000000001,40.31591517699955,67.79111390767889,93.82115037863433,118.5331404587643,142.00539163827594,164.3027142230875,185.48451379406268,205.60673556597266,224.72241543655923,242.8819109514684,260.133054662818,276.52128488099635,292.0897664953442,306.8795049720601,320.9294544641376,334.27662046456066,346.95615730845765,359.0014607905773,370.44425614532315,381.31468162264554,391.64136788088973,401.45151340639785,410.77095615901214,419.6242416325798,428.03468751002026,436.0244450834821,443.6145576015553,450.82501569736354,457.67481004364913,464.1819813736318,470.3636679994732,476.2361509535666,481.81489687160274,487.1145987304037,492.1492145478595,496.9320041469302,501.4755640805666,505.7918608095643,509.8922622207494,513.7875675685278
508,0.10546875,38.10685153363578,64.07684013862364,88.68094690970219,112.03929382201957,134.22587804877426,155.30194457288084,175.32363332565387,194.3438159154328,212.41261580490266,229.57762617527152,245.88405457585336,261.37484629355697,276.0907983932727,290.0706673487618,303.35127113593734,315.96758618844336,327.9528394992753,339.3385961165788,350.15484226472927,360.4300643093213,370.1913237736483,379.4643286039157,388.2735008706112,396.64204108413867,404.59198929394046,412.14428313189813,419.3188129527853,426.1344742169092,432.6092172528404,438.76009453123606,444.60330557421776,450.15423961854714,455.4275161449304,460.4370233801698,465.1959548735416,469.7168442437192,474.01159818773345,478.09152783889755,481.9673785562721,485.6493582241142
509,0.1046875,35.83784526898934,60.261210446921616,83.39991627847331,105.36696358320603,126.2319648783734,146.0525339159511,164.88147954398096,182.76853425088603,199.76084410239557,215.9031741146906,231.23804462171893,245.80584753452086,259.6449537645065,272.7918145763279,285.28105770294167,297.1455786072491,308.41662716277375,319.1238899906532,329.29556867307633,338.9584540508123,348.1379968015631,356.85837448578417,365.14255523711074,373.01235826557667,380.4885113333092,387.5907053543438,394.3376462625791,400.74710428464334,406.83596074759225,412.62025254482387,418.11521437742226,423.3353188822571,428.29431475259304,433.0052629516629,437.48057111462623,441.73202622956103,445.77082568359265,449.6076067559559,453.25247463569485,456.7150290378064
510,0.10390625,33.51483115652177,56.35535849487334,77.99460734069753,98.53822225022518,118.05128187390942,136.58764976870734,154.19669988572053,170.92493188453344,186.81642857673705,201.91304750356827,216.25454813193855,229.87870034118433,242.8213847091565,255.1166871640707,266.7969887680865,277.89305098377133,288.4340966726204,298.4478870436041,307.9607947548103,316.9978733603237,325.58292328480894,333.738554499193,341.48624606222603,348.8464026845161,355.8384084638379,362.4806779330943,368.79070455527574,374.7851067930424,380.47967187419783,385.88939736825535,391.02853068355546,395.9106065889135,400.5484828585888,404.95437413442494,409.1398840943185,413.11603601172544,416.8933017866644,420.4816295246684,423.8904697363072,427.1288002262653
511,0.10312500000000001,31.138823127032012,52.35977658353498,72.46449395888501,91.55116433572239,109.6802760740693,126.90189116405392,143.2618961368168,158.80350413712972,173.56768072755796,187.59332240362482,200.9173751291251,213.57493538620005,225.5993435389102,237.02227191620076,247.87380833950886,258.18253543018926,267.9756059343013,277.27881427148156,286.11666449957244,294.51243487571884,302.48823918508714,310.0650849995435,317.2629290203323,324.1007296509849,330.5964969392872,336.76734002012506,342.62951218439827,348.1984536928796,353.4888324479392,358.5145826303685,363.2889414031714,367.8244837790708,372.1331557436353,376.22630572132255,380.1147144673608,383.8086234642415,387.31776189764497,390.65137228287847,393.81823480934924,396.8266904672064
512,0.10234375000000001,28.716180699925435,48.286427324560556,66.82740507923612,84.42962976749179,101.14886028555507,117.03124667772067,132.1190925080807,146.45223880162675,160.06845593368556,173.0036077398809,185.2917604744022,196.96527574516048,208.05489642728355,218.58982775236709,228.59781422880735,238.1052126934534,247.13706170764414,255.717147484092,263.8680665183903,271.61128508962145,278.9671957862877,285.955171206046,292.5936149703665,298.9000101882327,304.8909654963395,310.58225879688837,315.98887880806626,321.12506453653384,326.00434277581377,330.63956372926856,335.04293485144296,339.2260529968513,343.19993496084766,346.9750464929839,350.5613298592405,353.968230025705,357.204719532634,360.27932212439845,363.2001351975329,365.9748511259942
513,0.1015625,26.24781978517672,44.135527284687655,61.08230393470561,77.17092171265108,92.45237189050218,106.96885604775939,120.75905549297003,133.85939760387416,146.3044148735806,158.126895467145,169.35798319407246,180.02726272613558,190.16283832562473,199.79140811534654,208.93833450380072,217.627711049435,225.8824259651387,233.72422243787472,241.17375592547478,248.2506485832631,254.97354096502997,261.3601411353843,267.4272713234776,273.1909122414737,278.6662451848804,283.8676920259244,288.8089532055594,293.5030438243567,297.9623279275009,302.1985510743143,306.2228712782047,310.04588839860867,313.6776720624211,317.1277881885098,320.4053241852265,323.5189128873269,326.4767552953771,329.2866421775727,331.9559745908933,334.4917833756584
514,0.10078125,23.74048543958734,39.91979427145103,55.24818964057073,69.80050053781477,83.62282233309038,96.75330702769747,109.22692698321109,121.07661895688999,132.3336080208968,143.0275431927895,153.18658748426714,162.83749471175506,172.0056805076209,180.7152893468848,188.98925813006622,196.84937656963726,204.31634455572728,211.4098266548815,218.14850388529027,224.55012290428488,230.63154273711467,236.4087791696586,241.8970469216579,247.11079971128845,252.06376831639338,256.76899673245595,261.2388765224234,265.4851794487424,269.5190884734699,273.3512272080365,276.9916878901703,280.4500579616155,283.73544531661025,286.8565022875839,289.82144843122046,292.6380921748788,295.3138513803546,297.8557728791344,300.2705510305714,302.56454535184804
515,0.1,21.194989905415035,35.63916778205949,49.32352119223884,62.3148946914377,74.65446808548548,86.37632235652192,97.5116951074043,108.09000336197252,118.13913363960009,127.68556362495515,136.75444296132858,145.36966211079925,153.55391596177657,161.3287638281328,168.71468633775518,175.73113944139004,182.39660570531709,188.72864302984996,194.74393092504448,200.45831446729184,205.88684605379268,211.0438250657903,215.94283554570427,220.596781987924,225.01792333794032,229.2179052896795,233.20779096637096,236.9980900659575,240.59878654798385,244.01936493501995,247.26883529800995,250.3557569914415,253.28826120093305,256.07407236268733,258.72052851128103,261.2346006094329,263.62291091069494,265.8917504034707,268.0470953823305,270.09462319029234
516,0.09921875000000001,18.618422191336123,31.307042410410997,43.328350738193535,54.7410280073192,65.58122186813573,75.87885105921241,85.6613411234026,94.9545214842009,103.78287939767759,112.16966626729402,120.13696822794452,127.705766358409,134.89599235248215,141.72658106990102,148.21552038969708,154.37989855914805,160.2359491754717,165.79909392045684,171.0839831602034,176.10453451624778,180.87396950908894,185.4048483701807,189.7091031137271,193.7980689551143,197.68251415851972,201.37266839213478,204.8782496655574,208.2084899201857,211.37215933992746,214.3775894461797,217.2326950378477,219.94499503413496,222.521632274962,224.96939233112514,227.29472137370735,229.50374314978265,231.60227510909772,233.5958437241909,235.4896990442785,237.28882852122638
517,0.12890625,67.27203357353676,113.11797575809248,156.5525441463357,197.7878230624039,236.9544622513972,274.1605945233124,309.5053373195856,343.08203614679155,374.97918346722946,405.280803695571,434.0667088240867,461.4127164046366,487.3908510114875,512.0695343550707,535.513765595946,557.7852925715616,578.9427744411695,599.0419361900579,618.1357154033,636.2744016965927,653.5057691718504,669.8752022466693,685.4258151892399,700.1985656736725,714.2323626549181,727.5641688474791,740.2290980778873,752.2605077673976,763.6900867885244,774.5479389268444,784.862662167914,794.6614240181492,803.9700330580623,812.8130069163283,821.2136368437189,829.1940490569909,836.7752630143041,843.9772467756549,850.8189695941447,857.3184518765979
518,0.12812500000000002,67.74606394020105,113.91529397160448,157.65630362873443,199.18264727609323,238.62587729186725,276.09487444195514,311.6894432452463,345.5035774865181,377.6263851054732,408.14247559560533,437.13221721691485,464.67195635982773,490.8342203122169,515.6879086236086,539.298474619023,561.7280977750596,583.0358474637713,603.2778385062608,622.5073789474052,640.7751104407849,658.1291416131443,674.6151747592515,690.2766262005271,705.1547406241832,719.2886997038249,732.7157252874296,745.4711774243515,757.5886474894245,769.1000466493498,780.0356899042871,790.424375925944,800.2934629023832,809.6689405892633,818.5754987572451,827.036592215801,835.0745025846667,842.7103969755937,849.9643837389459,856.8555654219364,863.4020890779753
519,0.09843750000000001,16.011485864149748,26.923080957208253,37.260642537104445,47.07467561852586,56.39629465400218,65.25124990776462,73.6631426868061,81.65419829536279,89.24548534943371,96.45700780959119,103.3077660970166,109.81580917146756,115.99828262595155,121.87147404507763,127.45085600624738,132.75112690010567,137.78624969516002,142.56948875478372,147.11344480653256,151.4300881577001,155.5307902458628,159.42635360845688,163.12704035102934,166.64259918969347,169.9822911394448,173.15491391632995,176.16882511801697,179.0319642440331,181.75187361384863,184.3357182380414,186.79030469500375,189.12209906300356,191.33724395491475,193.44157470055282,195.44063471929186,197.33969012350553,199.14374359133268,200.85754754534514,202.4856166718564,204.03223981387146
520,0.1296875,66.69541694560505,112.14865023632301,155.2113320295182,196.0937022117039,234.92527118694218,271.81322981260683,306.855833760062,340.1456182923418,371.7703087527041,401.81320191827706,430.35341919819285,457.4661225772058,483.22271422457567,507.69102488023617,530.9354925456482,553.0173321802675,573.9946969009096,593.9228311187886,612.8542160190483,630.838707765668,647.9236687952343,664.15409254491,679.5727219427346,694.2201619720393,708.1349866062096,721.35384039525,733.9115349715593,745.8411407289611,757.1740739163571,767.9401793752991,778.1678091393247,787.8838971020072,797.1140299503307,805.8825145501739,814.2124419613335,822.1257482506688,829.6432722635026,836.7848105054102,843.5691692789253,850.0142142124585
521,0.21015625,-28.71559149461697,-48.28516618880187,-66.82537232308903,-84.42675297407925,-101.14508624833368,-117.02653633159731,-132.11341756578665,-146.44557941003427,-160.06079897100102,-172.99494553491053,-185.2820898159494,-196.95459709848865,-208.04321330315122,-218.57714619156573,-228.5841423761212,-238.09056044216516,-247.12144040058692,-255.70056966063007,-263.8505456991386,-271.5928355924739,-278.9478325686492,-285.9349097291531,-292.57247108234895,-298.87800002317005,-304.86810538702923,-310.5585651994344,-315.96436823668165,-321.09975350721095,-325.97824775770874,-330.6127011028227,-335.0153208723917,-339.1977037653959,-343.1708663953577,-346.9452743076807,-350.5308695453888,-353.9370968358881,-357.17292846775234,-360.2468879230651,-363.1670723275822,-365.94117377785824
522,0.2109375,-26.24901826223062,-44.13809253196082,-61.086438738227834,-77.17677337388358,-92.46004862661148,-106.97843730292875,-120.77059878144271,-133.87294327845663,-146.3199895905512,-158.14451479253648,-169.37765361968354,-180.048983264253,-190.1866017932613,-199.817202183426,-208.96614256434,-217.6575129391244,-225.91419857382039,-233.75794022351278,-241.20939135229594,-248.2881724961423,-255.01292291052897,-261.4013496378143,-267.47027412279976,-273.2356764986365,-278.7127376592261,-283.915879228544,-288.85880153184314,-293.55451966849597,-298.01539778127983,-302.2531816121978,-306.2790294304367,-310.1035414138078,-313.7367875609572,-317.1883342077752,-320.46726921778105,-323.58222591276115,-326.5414058066456,-329.3526002024507,-332.02321070913285,-334.5602687323599
523,0.21171875,-23.73987674054543,-39.918491412044354,-55.246089633394305,-69.79752857088334,-83.61892344031894,-96.74844085228828,-109.22106430272422,-121.06973926200631,-132.3256977562652,-143.01859443391453,-153.1765969141295,-162.8264628113504,-171.9936109041211,-180.7021882811238,-188.975134016408,-196.8342396287238,-204.3002065056449,-211.39270044977545,-218.13040349296713,-224.5310631161591,-230.6115390052265,-236.387847466511,-241.8752036194147,-247.08806147749505,-252.0401520238651,-256.74451938137446,-261.2135551729877,-265.45903116297796,-269.4921302650096,-273.32347599885884,-276.96316047342094,-280.4207709697617,-283.7054151942753,-286.82574526849504,-289.78998051877994,-292.6059291259199,-295.2810086917126,-297.82226577669144,-300.2363944604858,-302.5297539737122
524,0.21250000000000002,-21.196223638945956,-35.64180849390759,-49.327777634728065,-62.32091850011702,-74.66237066182268,-86.38618548252431,-97.52357798995138,-108.10394754158567,-118.1551665572736,-127.70370130510575,-136.77469208711193,-145.3920216657455,-153.5783785518098,-161.355316761624,-168.743312518219,-175.7618181123557,-182.42931307671253,-188.76335280812614,-194.7806147642114,-200.49694235432278,-205.92738663911288,-211.08624594746627,-215.98710351434784,-220.6428632380751,-225.0657836506976,-229.26751019057045,-233.25910586180643,-237.05108036110528,-240.65341774847062,-244.07560273452518,-247.32664565351774,-250.41510618768012,-253.34911590532406,-256.13639967195076,-258.7842959907043,-261.29977632567255,-263.6894634588872,-265.9596489293191,-268.1163095997683,-270.1651233952482
525,0.21328125000000003,-18.617797752070974,-31.30570586150657,-43.326196429942456,-54.73797919402882,-65.57722216317752,-75.87385906297112,-85.6553268584726,-94.94746391152844,-103.7747646119125,-112.16048613946039,-120.12671935559787,-127.69444923524496,-134.8836106996448,-141.71314128970306,-148.2010311141111,-154.36437027306349,-160.2193938998811,-165.78152494431671,-171.0654148122921,-176.0849819702034,-180.85344861621877,-185.38337551567906,-189.68669509275483,-193.7747428658289,-197.6582873096374,-201.34755822301756,-204.85227367712625,-208.18166561522918,-211.3445041715873,-214.34912077357345,-217.2034300879318,-219.9149508690383,-222.4908257641205,-224.9378401276349,-227.2624398943953,-229.47074855854444,-231.56858330312218,-233.56147032272258,-235.4546593796218,-237.2531376317265
526,0.21406250000000002,-16.012747248480444,-26.92578085440607,-37.26499437898186,-47.08083444000402,-56.40437435414391,-65.2613341022679,-73.67529191020098,-81.66845501978852,-89.26187763140615,-96.47555203308188,-103.32846909528303,-109.83866990548441,-116.02329353606359,-121.89862215526422,-127.48012383683228,-132.7824932293287,-137.8196901996059,-142.6049765513944,-147.15095091375818,-151.4695818895476,-155.5722395497977,-159.46972535596765,-163.17230058802605,-166.68971335263316,-170.03122424206057,-173.20563071104345,-176.22129023545563,-179.08614231354946,-181.807729367505,-184.39321660017012,-186.84941085914835,-189.18277855780522,-191.3994627002952,-193.50529905536592,-195.50583152147402,-197.40632672361485,-199.2117878802674,-200.92696797692733,-202.55638228089188,-204.10432023022366
527,0.21484375,-13.380933849421288,-22.499910224148586,-31.13918281809841,-39.340951973231256,-47.13121550475687,-54.53148970187996,-61.56149584078009,-68.23980587267774,-74.58402553493215,-80.61087115055412,-86.33622062571416,-91.77515691646428,-96.94200818132958,-101.85038565720309,-106.51321957241679,-110.94279324246008,-115.15077545140612,-119.14825120854378,-122.94575096307601,-126.55327835488328,-129.98033657517868,-133.235953407008,-136.32870501194802,-139.26673852596682,-142.0577935241968,-144.7092224113515,-147.22800979164023,-149.62079086932133,-151.89386892845823,-154.05323193800066,-156.10456832598953,-158.05328196448986,-159.90450640476712,-161.66311840023477,-163.33375075282945,-164.9208045166693,-166.42846059116815,-167.8606907341535,-169.22126802401786,-170.51377679847133
528,0.215625,-10.730546946460775,-18.043746822224698,-24.972460041040105,-31.550481379613615,-37.798626322208044,-43.73412489564116,-49.372773156230444,-54.72944931515421,-59.81825954717115,-64.6525989011435,-69.24519173094542,-73.60812621977047,-77.75288633349098,-81.6903820072946,-85.43097779982503,-88.98452012004957,-92.36036310177424,-95.5673931921943,-98.61405251708628,-101.50836108238077,-104.25793786922695,-106.87002087705757,-109.35148616664235,-111.70886595266576,-113.94836579299088,-116.0758809194997,-118.09701175320929,-120.01707864427814,-121.8411358755221,-123.57398496615598,-125.22018731065948,-126.78407618594294,-128.26976815834036,-129.68117392039085,-131.0220085858861,-132.2958014702343,-133.50590538185617,-134.65550544903596,-135.7476275054435,-136.7851460563786
529,0.21640625000000002,-8.061572039988501,-13.555395158296152,-18.760185789368784,-23.701374701333854,-28.39462923002155,-32.85291557318021,-37.08811772987981,-41.1114267384599,-44.93345113864021,-48.56426333491725,-52.0134303856355,-55.29004023654023,-58.40272594557764,-61.3596885278275,-64.16871861210602,-66.83721699847383,-69.37221417982332,-71.78038888221198,-74.06808567440368,-76.24133169399764,-78.30585253491886,-80.26708733863384,-82.13020312923838,-83.90010843048401,-85.58146620084533,-87.17870612089258,-88.69603626548043,-90.13745419161914,-91.50675747133292,-92.80755369732847,-94.04326998789308,-95.21716201611277,-96.33232258724031,-97.39168978683954,-98.39805472120563,-99.35406887046967,-100.26225107378436,-101.12499416500286,-101.94457127635081,-102.72314182670769
530,0.2171875,-5.38218925425729,-9.050467090745515,-12.525962182775572,-15.82560910992606,-18.95983718966755,-21.937280265923523,-24.76585483756366,-27.453018355979875,-30.00584200105613,-32.43104099755901,-34.73499473289731,-36.92376395831516,-39.003106730712155,-40.978493488842695,-42.855121375298545,-44.63792785306876,-46.33160365156857,-47.94060507355688,-49.469165693010844,-50.921307472938516,-52.30085133105173,-53.61142718008407,-54.85648346840568,-56.039296245450096,-57.16297777534457,-58.230484721053216,-59.244625920278956,-60.208069773358645,-61.12335126240987,-61.99287862005187,-62.81893966512693,-63.60370782199696,-64.34924783917536,-65.05752122227267,-65.73039139550373,-66.36962860528632,-66.97691457880411,-67.55384694975483,-68.10194346290984,-68.62264596852516
531,0.21796875,-2.692507958194361,-4.527306573682092,-6.26552597686835,-7.915670572903404,-9.482980623901268,-10.97179229523227,-12.386079040050426,-13.729581987341632,-15.00584707401142,-16.218240686319472,-17.36996005068895,-18.46404207235169,-19.50337148300293,-20.490688513925058,-21.428596162602215,-22.319567085273864,-23.165950138325975,-23.969976588018504,-24.73376600630091,-25.459331869184325,-26.148586873115864,-26.80334798386766,-27.425341231633183,-28.01620626526676,-28.577500677896108,-29.11070411549471,-29.61722217938201,-30.09839013305237,-30.55547642319642,-30.989686024269407,-31.40216361548116,-31.793996598631587,-32.16621796478799,-32.519809017389996,-32.85570195899286,-33.17478234848387,-33.47789143527351,-33.76582837662405,-34.03935234397826,-34.299184523849235
532,0.21875,-0.0006485755514696541,-0.001388220081337794,-0.0022376023641015397,-0.0031666975339012587,-0.004154356057464653,-0.005185008444396717,-0.006246788268203681,-0.007330409466844567,-0.008428460874542557,-0.009534941569021923,-0.010644941449812238,-0.011754413265576354,-0.012860004608631351,-0.013958930726962169,-0.015048876049188115,-0.016127916485805124,-0.017194457155501146,-0.01824718179329766,-0.01928501118642001,-0.020307068681810363,-0.02131265132628668,-0.022301205535826624,-0.02327230645060464,-0.02422564031955904,-0.025160989391283677,-0.026078218901956052,-0.02697726582218157,-0.02785812909202492,-0.028720861123226728,-0.02956556038475108,-0.03039236491751512,-0.031201446651258402,-0.031993006417527385,-0.03276726956400096,-0.03352448209865927,-0.034264907291072816,-0.03498882268026292,-0.03569651743441937,-0.0363882900252787,-0.03706444617842541
533,0.21953125,2.6931563305025303,4.52869436142659,6.267762886764392,7.9188362968306025,9.487133711187122,10.976975730743801,12.39232394592286,13.736910202396238,15.014273027952395,16.227772809458628,17.38060186437644,18.475793051517226,19.51622775076595,20.504643409073772,21.443640708632714,22.335690381771563,23.1831396900905,23.98821858362478,24.753045555104443,25.47963320385485,26.169893523315775,26.825642925607053,27.44860701598707,28.040425129478702,28.602654641380305,29.136775062824253,29.644191932025574,30.12624051134905,30.584189299833124,31.019243370342075,31.432547540071358,31.82518938270088,32.19820209008219,32.55256719096192,32.88921713386348,33.20903774090849,33.51287053901109,33.801514974570274,34.075730517470646,34.336238659920255
534,0.22031250000000002,5.380896101829397,9.047699209407599,12.521500773596994,15.819295238596531,18.951554090550626,21.926942216373174,24.753399774626633,27.43840273157529,29.989037043741988,32.412029900739576,34.713770479904724,36.900327602030735,38.97746600816298,40.95066168939001,42.825116405169226,44.605771454805094,46.29732074764167,47.90422321085172,49.43071457018346,50.88081853654559,52.25835742922163,53.56696226469965,54.810082338449504,55.99099432547203,57.1128109240544,58.178489065857136,59.19083771425315,60.15252527169237,61.06608661579185,61.933929782839876,62.758342316447916,63.54149729817831,64.28545907611954,64.99218870657617,65.6635491232638,66.30131004768431,66.90715265365442,67.48267399831852,68.02939123134472,68.54874559342288
535,0.22109375000000003,8.062216414847741,13.556774389839852,18.76240890794459,23.704520907509103,28.39875671216475,32.858067051160894,37.09432413397391,41.11870977286398,44.94182514411268,48.57373668981127,52.02400658960649,55.301718767769074,58.41550295109818,61.373557387506864,64.18367040479188,66.85324089096297,69.38929775395734,71.79851841172113,74.08724636045095,76.26150786646389,78.32702782501065,80.28924482731767,82.15332547516452,83.92417798040528,85.6064650850274,87.2046163355906,88.72283974423372,90.16513286684396,91.53529332747024,92.8369288166213,94.07346658971919,95.2481624906701,96.36410952427309,97.42424600000996,98.4313632686276,99.38811307186863,100.2970145246786,101.16046074826501,101.98072517145556,102.75996751694014
536,0.22187500000000002,10.729265765404321,18.041004564591944,24.968039933454556,31.54422595912629,37.79041990416968,43.723882551013546,49.360433396638655,54.71496899569343,59.80161016277912,64.63376380083766,69.2241639630383,73.58490682741723,77.72748298211116,81.66280786323837,85.40125060356446,88.95266141285475,92.3263975754031,95.53134813852064,98.57595735983253,101.4682469769865,104.21583735972659,106.82596760102015,109.305514600893,111.66101119380446,113.89866336775692,116.02436662084045,118.0437214985779,119.96204835322051,121.78440136405064,123.51558185576913,125.16015095017273,126.72244158454536,128.20656992850311,129.61644622943854,130.955785115185,132.22811538109437,133.43678928734343,134.584991391001,135.67574693614293,136.71192982414644
537,0.22265625,13.381570254028356,22.501272396042566,31.141378439061874,39.34405926423609,47.135291934479035,54.53657746182776,61.567625478693806,68.24699882433448,74.59229596374719,80.62022733128364,86.34666601475791,91.78669099848544,96.95462715104337,101.86408297638123,106.52798643026887,110.95861893979122,115.16764772366699,119.16615649925018,122.96467465643991,126.57320497460849,130.00124995493408,133.25783683702576,136.35154136536568,139.29051036788061,142.08248320589175,144.7348121517585,147.25448174774897,149.64812719701123,151.92205183498953,154.08224372722532,156.13439143719756,158.08389900567852,159.93590018101162,161.69527193775878,163.36664731928474,164.95442763808373,166.46279406595133,167.8957186445156,169.25697474510267,170.55014700547594
538,0.2234375,16.011485937685485,26.923081127382044,37.26064282439717,47.07467603709709,56.39629521250403,65.2512506100989,73.66314353282159,81.65419928149153,89.24548646927042,96.45700905441382,103.30776745625063,109.81581063309926,115.99828417689002,121.87147567147665,127.4508576937806,132.7511286342084,137.7862514612338,142.5694905383728,147.11344659347063,151.43008993423342,155.5307919987515,159.4263553250557,163.12704201935188,166.6426007984604,169.9822926781192,173.15491537514112,176.16882648797323,179.03196551692713,181.7518747822543,184.33571929530478,186.7903056352278,189.12209988102967,191.33724464629947,193.44157526154257,195.4406351467941,197.33969041505927,199.14374374507636,200.85754755998508,202.48561654663362,204.03223954852902
539,0.22421875000000002,18.618422262762667,31.30704257548148,43.32835101653492,54.741028412371534,65.5812224079575,75.87885173722916,85.66134193909542,94.95452243373397,103.78288047446877,112.16966746252702,120.13696953102468,127.70576775736866,134.89599383433497,141.72658262095672,148.21552199582976,154.37990020603146,160.23595084877792,165.79909560602735,171.08398484419047,176.10453618523317,180.87397115018084,185.40484997109056,189.70910466283033,193.7980704414957,197.68251557200543,201.37266972331412,204.87825090579335,208.20849106161813,211.37216037546858,214.3775903695036,217.2326958433735,219.94499571700814,222.5216328310297,224.9693927569101,227.2947216663794,229.50374330712793,231.602275129487,233.5958436065479,235.4896987880464,237.28882812633537
540,0.225,21.194989974795135,35.639167942179384,49.32352146189845,62.31489508338095,74.65446860719733,86.37632301096858,97.51169589371311,108.0900042760511,118.13913467469807,127.68556477216819,136.75444421004588,145.36966344910113,153.5539173767814,161.3287653063044,168.71468786516482,175.73114100394514,182.39660728895427,188.72864462070075,194.74393250957158,200.45831603240333,205.88684758693486,211.0438265550207,215.94283697974922,220.59678335622047,225.01792463066585,229.21790649777108,233.20779208153368,236.99809108066586,240.59878745547564,244.01936572928446,247.26883597377017,250.35575754413412,253.2882616266832,256.07407265828215,258.7205286741405,261.2346006375787,263.6229108027186,265.8917501585022,268.0470950000041,270.094622670715
541,0.22578125,23.740485506986882,39.91979442678481,55.24818990184407,69.80050091710504,83.62282283733563,96.75330765942843,109.22692774122254,121.07661983685131,132.3336090159055,143.02754429386667,153.18658868079726,162.83749599187567,172.00568185856218,180.71529075527022,188.9892595821678,196.84937805159825,204.3163460537495,211.40982815538567,218.14850537504785,224.55012437052733,230.63154416762242,236.40878055283062,241.8970482465657,247.1108009677152,252.063769494861,256.76899782424186,261.2388775195671,265.48518034404503,269.5190892604867,273.35122788106344,276.9916884442254,280.4500583924183,283.7354456205551,286.85650246171355,289.8214484731963,292.6380920829495,295.3138511533244,297.85577251633083,300.2705505318121,302.56454471740847
542,0.2265625,26.247819850654093,44.13552743537736,61.08230418784333,77.17092207966923,92.45237237781039,106.96885665746832,120.75905622355462,133.85939845077579,146.3044158297523,158.1268965235387,169.35798434007114,180.0272639499354,190.16283961456745,199.791409456213,208.93833588306032,217.6277124534618,225.8824273803938,233.72422385106105,241.1737573236642,248.2506499540016,254.97354229642272,261.36014241616135,267.4272725430449,273.19091338994957,278.6662462531196,283.86769300553334,288.80895408889995,293.5030446045448,297.96232859839694,302.19855163050903,306.22287171499954,310.04588871199354,313.67767224904827,317.12778824566607,320.4053241108035,323.5189126797894,326.4767549537308,329.2866417013327,331.95597398005026,334.49178263064687
543,0.22734375,28.716180763541924,48.28642747075936,66.82740532451342,84.42963012266249,101.14886075652504,117.03124726620261,132.11909321224925,146.45223961671203,160.06845685251074,173.00360875334115,185.29176157188928,196.96527691493742,208.05489765680986,218.58982902858605,228.59781553838846,238.10521402300347,247.13706304388373,255.71714881400516,263.8680678293473,271.6112863694799,278.9671970234734,285.9551723896155,292.5936160900549,298.90001123448724,304.8909664603415,310.58225967056603,315.98887958409665,321.12506520834,326.0043433375537,330.6395641758197,335.04293517838187,339.2260532004306,343.1999350379692,346.97504644117066,350.561329676606,353.96822971092234,357.2047190849028,360.27932154341374,363.200134483451,365.9748502794013
544,0.22812500000000002,31.13882318884162,52.359776725374886,72.4644941965351,91.55116467939999,109.68027652919353,126.90189173195378,143.261896815378,158.80350492138044,173.5676816101983,187.59332337549785,200.91737617963395,213.57493650367553,225.59934471092882,237.0222731298656,247.87380958168623,258.1825366877136,267.9756071941464,277.27881552090577,286.1166657262366,294.5124360677834,302.4882403312894,310.0650860892564,317.26293004360997,324.1007305985928,330.5964978027222,336.7673407916262,342.6295128569464,348.19845426019367,353.48883290446304,358.5145829712553,363.28894162426155,367.8244838768683,372.1331557152807,376.226305564564,380.11471418052355,383.8086230461965,387.31776134777556,390.65137160104996,393.8182339958744,396.8266895228143
545,0.22890625000000003,33.51483121658272,56.35535863249873,77.99460757097901,98.538222582808,118.05128231374884,136.5876503167689,154.19670053961897,170.92493263911047,186.81642942458294,201.91304843548522,216.25454913735038,229.87870140849685,242.82138582606896,255.11668831785016,266.7969899457983,277.89305217247875,288.4340978595506,298.44788821628856,307.960795901198,316.9978744688749,325.5829243445685,333.7385554998458,341.48624699413966,348.8464035387687,355.83840923223573,362.4806786081802,368.79070513032786,374.78510726206804,380.47967223191984,385.8893976100946,391.02853080560897,395.91060658792924,400.5484827319382,404.9543738800738,409.1398837107966,413.11603549809405,416.89330114248395,420.4816287499673,423.89046883154754,427.12879919231256
546,0.22968750000000002,35.8378453273523,60.261210580455966,83.39991650160395,105.3669639050246,126.23196530338686,146.05253444477458,164.88148017396864,182.76853497670137,199.76084491652512,215.90317500789948,231.23804558345387,245.80584855326325,259.6449548280769,272.7918156721547,285.28105881828577,297.1455797293974,308.41662827920084,319.1238910891565,329.29556974188563,338.95845507867904,348.13799777783066,356.8583754004399,365.1425560808261,373.012359029732,380.48851201000974,387.5907059364258,394.3376467436069,400.7471046589021,406.83596101007294,412.6202526912046,418.1152144040456,423.33531878610455,428.29431453125693,433.00526260331685,437.48057063799405,441.73202562388514,445.770824948601,449.6076058918309,453.25247364303954,456.71502791761435
547,0.23046875,38.10685159035394,64.07684026820033,88.68094712592149,112.0392941334433,134.22587845948235,155.30194508315674,175.3236339326078,194.34381661356417,212.41261658660622,229.57762703128589,245.88405549565627,261.37484726571176,276.0907994057265,290.070668389108,303.3512721916338,315.9675872470019,327.9528405484174,339.33859714436664,350.1548432596709,360.43006526045644,370.1913246706146,379.4643294369988,388.2735016307811,396.64204176307254,404.59198988403625,412.14428362627933,419.3188133452963,426.13447450210583,432.6092174259749,438.76009458823677,444.60330551166595,450.1542394336506,455.42751583549546,460.4370229445705,465.1959543106896,469.7168435530311,474.0115973690982,478.0915268926452,481.96737748314064,485.64935702521916
548,0.23125,40.31591523212128,67.79111403341459,93.82115058814742,118.5331407601036,142.00539203510877,164.30271471537736,185.48451437868545,205.60673623727095,224.72241618684137,242.8819117714496,260.13305554200883,276.52128580804214,292.0897674583171,306.87950595871547,320.929455462127,334.27662146161526,346.95615829253984,359.0014617500072,370.4442570688797,381.31468249964837,391.64136870126265,401.45151416071496,410.77095683853275,419.62424222926825,428.0346880165575,436.0244454932682,443.61455790870446,450.8250158966925,457.67481013066106,464.18198134449506,470.36366785099773,476.23615068317685,481.814896477309,487.1145982107715,492.14921390197884,496.9320033743827,501.47556318139385,505.79185978423556,509.89226107012934,513.7875662938463
549,0.23203125000000002,42.46393055225105,71.40326687592892,98.82053915241865,124.84960617889938,149.57292742989014,173.05875171499792,195.36963882142933,216.56450633279923,236.6992093331263,255.82678321428676,273.9976048872867,291.25953027382695,307.65802139784324,323.2362663318201,338.0352929702906,352.09407707673967,365.4496449204561,378.1371707801167,390.1900695718109,401.64008484527494,412.5173723797486,422.85057959932925,432.66692101673874,441.99224990401405,450.85112637874016,459.266882085024,467.26168163947307,474.85658100393465,482.0715829386744,488.92568968199095,495.43695299497205,501.62252170316214,507.4986868603232,513.080924653218,518.3839371603918,523.4216910722834,528.2074544746323,532.7538317920454,537.0727969837417,541.1757250788993
550,0.2328125,44.545424113075406,74.90306272551496,103.66394608260799,130.96852138612442,156.90330830335722,181.53991411358714,204.943974872444,227.17730359783425,248.29849903368705,268.3632007826435,287.42425871031753,305.53187738339204,322.7337495427595,339.07518204358973,354.5992152935669,369.3467366647194,383.35658821588765,396.66566901964165,409.3090323664613,421.31997810370154,432.7301403534337,443.5695708408263,453.86681805299554,463.64900243716716,472.9418878364873,481.76994935183825,490.1564378085713,498.1234409980854,505.69194185565885,512.8818737278532,519.7121728751285,526.2008283480098,532.3649293682181,538.2207103396032,543.7835936074591,549.0682300788716,554.0885378111107,558.8577386697215,563.388393152877,567.6924334737353
551,0.23359375,46.559205261598265,78.28946859936433,108.35086969387123,136.89017888555537,163.99780956465796,189.7485935946688,214.21112491996865,237.4500038555632,259.52647274374266,280.4986822078804,300.4218679315263,319.3485014244162,337.32842938165203,354.4090052059659,370.63521376003325,386.049789838583,400.69333070772393,414.6044030151986,427.8196443542946,440.37385974881806,452.30011331294963,463.629815327135,474.3928049591247,484.61742884786173,494.33061575706154,503.5579474949859,512.3237262871227,520.6510387791418,528.5618168386386,536.0768953157593,543.2160669147946,549.9981343212329,556.4409597215301,562.5615118460046,568.3759106587286,573.8994698121112,579.1467369779676,584.131532161288,588.8669840976016,593.3655648297931
552,0.234375,48.50029564151282,81.55320912811273,112.86761887770773,142.59643752635216,170.83386350028763,197.65785957317266,223.13988761038183,247.34724733767973,270.34373906647465,292.189941421343,312.94339574560354,332.6587633352501,351.387970741692,369.180346877559,386.08275304690306,402.13970641647234,417.3934972943781,431.88430053560097,445.6502813710457,458.7276959402986,471.1509867936706,482.9528736156272,494.1644394089566,504.81521236698217,514.9332436496998,524.54518126887,533.6763402768214,542.3507694439467,550.5913146006,558.4196788103096,565.8564795328496,572.9213029277837,579.6327554415427,586.0085128139511,592.0653666332943,597.8192685625786,603.2853723534829,608.4780737586752,613.4110484476323,618.0972880258378
553,0.23515625,50.367426987997526,84.69298971498989,117.21318109333804,148.0867781187813,177.41159066866766,205.2685722970474,231.73192820099842,256.87154314449367,280.75366914868926,303.4412135505248,324.9939302597373,345.468582869791,364.9190954255021,383.3966947103759,400.95004520859214,417.6253772719026,433.4666088675906,448.5154612362558,462.81156876543764,476.3925833684661,489.2942736432038,501.5506190716206,513.1938995081028,524.2547801920454,534.7623925085097,544.7444107095581,554.2271247982573,563.2355097672518,571.7932913742098,579.9230086273457,587.6460731455497,594.9828255494454,601.9525890318635,608.5737202488118,614.8636576649518,620.8389674809033,626.5153872633229,631.9078673926574,637.0306104377264,641.8971085608291
554,0.23593750000000002,52.15614671932976,87.70055287723383,121.37542527012738,153.34519921110027,183.71117112072122,212.5571786006021,239.96006873969893,265.99221304644533,290.72222004959303,314.2152339082883,336.5331326820386,357.7346973910816,377.87576825288636,397.0093921083922,415.1859622424956,432.4533511535277,448.8570366650583,464.4402217231369,479.24394819775375,493.3072049895689,506.66703072735635,519.3586113271434,531.4153726703418,542.8690686452412,553.7498647839574,564.0864177152758,573.9059506427866,583.2343250472084,592.0961088018313,600.5146408805459,608.5120928289452,616.1095271604441,623.3269528312547,630.1833779403613,636.6968597933158,642.8845524617388,648.7627519637981,654.3469391846838,659.6518206501265,664.6913672603671
555,0.23671875000000003,53.86511677814156,90.5743503857386,125.35283425402054,158.37037312105323,189.7315703208727,219.52300199250968,247.8240270860236,274.7093839515456,300.2499258233558,324.51292890730906,347.56229693660515,369.4587356220069,390.2599138983764,410.020616099837,428.7928862993439,446.6261653801807,463.5674212419317,479.6612724927316,494.95010595519216,509.47418829560087,523.2717720702015,536.379196467682,548.8309830130291,560.6599264846898,571.8971812843961,582.5723434870437,592.7135287866674,602.3474465437511,611.4994701288504,620.1937037477668,628.4530459242399,636.2992498073377,643.7529804623566,650.8338692961062,657.5605657599027,663.9507864664415,670.0213618498883,675.7882804920806,681.2667312315681,686.4711431663976
556,0.23750000000000002,55.49043780894084,93.30719355447047,129.13491180433107,163.14853675026336,195.4558382810464,226.14601193955275,255.30081625046236,282.9972483104622,309.3083018712531,334.30328499114717,358.04803094702646,380.6050780788356,402.03383599659384,422.3907424181353,441.7294119178416,460.1007771757553,477.55322314499847,494.13271450216115,509.8829167195419,524.8453110793365,539.059303933319,552.5623304962054,565.3899534463562,577.5759565937474,589.1524338620774,600.1498738195104,610.5972399807956,620.5220470923497,629.9504336012889,638.907230499332,647.4160267229388,655.4992312819768,663.1781322805703,670.4729529856124,677.4029050906289,683.9862393152973,690.240293473905,696.1815381393582,701.8256200230198,707.1874031846424
557,0.23828125,57.03071021137942,95.89729006733188,132.71964550748345,167.67756210955105,200.88179174992078,232.42399938191738,262.38820843426527,290.85355005647216,317.89504186219136,343.58391414601226,367.9878264768317,391.1710524118168,413.19465022771544,434.11662404563043,453.9920766582766,472.8733546609823,490.8101863129135,507.84981250118256,524.0371111546174,539.4147154350743,554.0231260174494,567.9008177539657,581.0843410035287,593.6084178929234,605.5060337633055,616.8085240427603,627.5456567736879,637.7457110123219,647.4355513068384,656.6406984501818,665.3853966939272,673.6926776001903,681.5844206997334,689.0814111160159,696.2033943069415,702.969128068471,709.3964319370573,715.5022341210033,721.3026160843498,726.8128549007031
558,0.2390625,58.48261189701856,98.33856435565669,136.0982386655528,171.94600930798194,205.9954552027325,238.34057991375582,269.0675493329634,298.2575114325908,325.9873951565348,352.3302451550469,377.3554440383397,401.1289018964025,423.7132314518028,445.16791334197103,465.54945287909453,484.9115289080169,503.3051352020873,520.7787147809192,537.3782875069624,553.1475712980493,568.128097275692,582.3593191527464,595.8787171487855,608.7218967070465,620.9226822731003,632.5132063823279,643.5239942909371,653.9840443734819,663.9209044986864,673.3607445847756,682.3284255254396,690.8475646680006,698.9405980162536,706.6288393218363,713.932536219768,720.8709235560286,727.4622740476339,733.723946408647,739.6724310688853,745.3233936057417
559,0.23984375000000002,59.84469035152959,100.62899106657731,139.26819601263776,175.95096316920797,210.793510132878,243.8920255263479,275.33467922462825,305.2045073067528,333.58022925721406,360.5365903008827,386.14458869861124,410.4716695861177,433.5819041374551,455.5361586460107,476.39225489721815,496.20512246428245,515.0269433746969,532.9072895387732,549.8932533042006,566.0295714807839,581.358743161943,595.9211416531774,609.7551208021945,622.8971160106589,635.3817401935531,647.2418749388182,658.508757107338,669.212061101311,679.3799770176612,689.0392848923002,698.2154252307662,706.9325660109829,715.2136663345958,723.0805368945166,730.5538974179215,737.6534312359886,744.3978371240885,750.8048785489577,756.8914304525533,762.6735236958032
560,0.240625,61.114221235308506,102.7636452066987,142.22247462814647,179.68337754047383,215.2650416426696,249.06569895653288,281.17539149983014,311.678917816112,340.656667748951,368.1849721959784,394.3363353338735,419.17963264504783,442.78029393636126,465.2004760469313,486.4992266527106,506.73263981541584,525.9540037350517,544.2139411069313,561.5605424558998,578.0394927999254,593.6941919770823,608.5658689531076,622.6936904107682,636.1148639071669,648.8647358707904,660.9768846964714,672.483209183521,683.4140125500081,693.7980822444937,703.6627657654606,713.0340426881521,721.936593088546,730.3938625446839,738.4281238865806,746.0605358573473,753.3111988400437,760.1992077970378,766.7427025613052,772.9589156121341,778.8642174610638
561,0.24140625,62.28970807528133,104.74028087335944,144.95811177799857,183.1395680312979,219.40561642992225,253.85637623110205,286.58362015953566,317.6737772787429,347.2087836122568,375.2664384860621,401.9206411250797,427.24159242188824,451.2959814277523,474.14716134740405,495.8553164684604,516.4776206829187,536.0683880670473,554.6792159270453,572.3591206894795,589.1546669947952,605.1100903338909,620.2674135506899,634.6665575174754,648.3454462744251,661.3401069102164,673.6847644467226,685.4119319776763,696.552496298684,707.1357992540952,717.1897150149631,726.7407234916111,735.8139800741517,744.4333818846159,752.6216307151943,760.4002928183269,767.7898557061268,774.8097821087151,781.4785612335818,787.8137574609725,793.8320566035472
562,0.2421875,63.36904107714003,106.55515401265957,147.46986174088528,186.3129379996464,223.20744751800046,258.25524514251464,291.549693877829,323.1787200275897,353.2256787049268,381.769716449485,408.88601199205016,434.64598156720365,459.1174686695805,482.3649231224025,504.44957091683006,525.4295754929082,545.3601909378248,564.2939075168412,582.2805899231204,599.3676086114385,615.5999645619985,631.0204078031346,645.669550005184,659.5859714421518,672.8063226029559,685.3654207199102,697.2963414687238,708.6305060815641,719.3977641026358,729.6264720042575,739.3435678705058,748.5746423451372,757.3440060306558,765.6747535160508,773.5888242018362,781.1070600826075,788.2492606392912,795.0342349856738,801.4798514065485,807.6030844179543
563,0.24296875,64.35068903531945,108.20581201888056,149.75431258078788,189.19905655639673,226.66501414192027,262.25561796060566,296.06567777747347,328.18448277661247,358.6966803577644,387.6826442893129,415.21871914695015,441.3774287682696,466.22766892156864,489.8348891293506,512.2612651252688,533.565862624056,553.8047928864136,573.031360499878,591.2962037673237,608.6474280733433,625.1307325798032,640.789530584243,655.6650638580693,669.7965112656533,683.2210919503864,695.974163359432,708.0893143653382,719.5984537297528,730.531894142223,740.9184320554102,750.7854235269707,760.1588562678597,769.0634180867911,777.5225619111354,785.5585675554795,793.1926004005462,800.4447671370037,807.3341687209833,813.8789506807739,820.0963509071845
564,0.24375000000000002,65.23316970838565,109.6897148609474,151.80804811728743,191.79381724071752,229.77370525538635,265.8525618636299,300.12649544299194,332.6860179623137,363.6169358922917,393.00072344984824,420.91477041800084,447.4325934786658,472.6240315365481,496.5554300443822,519.2898158299404,540.8870631146472,561.4040512130516,580.8948143404226,599.4106839258268,617.0004238062413,633.7103586579901,649.5844960038646,664.6646421173192,678.9905121290435,692.5998346259341,705.5284510179706,717.8104099347216,729.4780569001075,740.5621195216103,751.0917884183035,761.0947941008502,770.5974800059586,779.6248718776452,788.2007436780526,796.3476802013993,804.0871365559884,811.4394946709212,818.4241169763535,825.0593973986671,831.3628098048631
565,0.24453125000000003,66.01492659867722,111.00421835121927,153.6272282481537,194.0920699827577,232.52694666797638,269.03796659655654,303.7223920401123,336.6718218057898,367.97309279017173,397.708657673031,425.95683569113527,452.79202649351686,478.28490780018416,502.5026219333407,525.5089527386027,547.3644935936654,568.1268069990821,587.8505761832185,606.5877491232804,624.3876753623149,641.2972359826267,657.3609670779558,672.6211770495971,687.1180580353881,700.8897917650381,713.972650120582,726.4010906668143,738.2078474032975,749.4240169769661,760.079140582382,770.2012817653435,779.8171003347678,788.9519225775022,797.629807961,805.8736124995298,813.7050489508139,821.1447440016332,828.2122925930137,834.9263095280726,841.3044784984387
566,0.20859375000000002,-33.51426507823306,-56.354146859578236,-77.99265437074182,-98.53545837045904,-118.047655965468,-136.5831242991142,-154.19124767730855,-170.9185338627696,-186.80907213426434,-201.9047252697496,-216.24525702114178,-229.86844080000267,-242.81016011021083,-255.10450331077948,-266.7838534853465,-277.87897377641366,-288.4190884381938,-298.4319598292825,-307.94396155055824,-316.9801479221408,-325.5643199831506,-333.7190881886109,-341.4659319690158,-348.8252563097307,-355.8164454994763,-362.4579141896448,-368.7671558990741,-374.76078909214925,-380.45460095168784,-385.863588961979,-391.0020004115579,-395.88336991981333,-400.5205550863104,-404.9257703567554,-409.11061919483575,-413.0861246446887,-416.8627583645211,-420.4504682078654,-423.85870442513067,-427.0964445544765
567,0.209375,-31.139978959255924,-52.362250552168376,-72.46848163362417,-91.55680777593061,-109.68767964552441,-126.9111314833835,-143.27302867106818,-158.816567802612,-173.58270123147057,-187.61031475760865,-200.936345593543,-213.5958830081169,-225.62226139063415,-237.04714810713403,-247.90062685247148,-258.21127681924855,-268.0062479115955,-277.31133220386124,-286.1510318311469,-294.5486234889147,-302.526219710259,-310.1048270812084,-317.3044015466007,-324.1439009515864,-330.64133495666067,-336.81381245731217,-342.67758663287344,-348.24809774297415,-353.5400137841142,-358.56726911327155,-363.34310114013135,-367.88008518446344,-372.1901675903577,-376.284697184452,-380.1744551609399,-383.8696834720063,-387.3801117984197,-390.7149831712675,-393.8830783122811,-396.89273875682966
568,0.24531250000000002,66.6951141561498,112.14800214158807,155.21028739575274,196.09222382059286,234.9233316923781,271.8108091359325,306.8529173615967,340.14219596702037,371.76637375504146,401.80875030421913,430.3484493160557,457.4606346650111,483.2167100857895,507.6845076188585,530.928466347251,553.0098021292852,573.9866688269827,593.9143114667153,612.8452117381219,630.829226215111,647.9137176630935,664.1436797783052,679.5618556877408,694.2088505217854,708.1232383560313,721.3416638039128,733.8989385277333,745.8281329222558,757.1606632123215,767.9263741938857,778.153617836378,787.86932795341,797.0990911384782,805.8672141524964,814.1967879406205,822.1097484469834,829.6269343874919,836.7681421328498,843.5521778463541,849.9969070137691
569,0.2078125,-35.838951330915904,-60.26357788552693,-83.40373224155539,-105.37236401232491,-126.23904964456298,-146.0613763359738,-164.8921326957409,-182.78103537426162,-199.77521779698992,-215.91943474515813,-231.2561981783316,-245.82589310492662,-259.6668847189404,-272.8156195358934,-285.30672133992067,-297.173082312881,-308.445949608807,-319.15500760459815,-329.32845604255255,-338.99308426905526,-348.1743417636993,-356.8964051435958,-365.18224181858363,-373.05367046439403,-380.53141847257035,-387.6351765280851,-394.3836504580952,-400.7946104881532,-406.88493803540536,-412.67067016186064,-418.16704180467013,-423.38852589453387,-428.3488714678022,-433.0611398725699,-437.5377391640578,-441.79045677980855,-445.83049058071106,-449.66847833956353,-453.31452575480387,-456.77823306316134
570,0.0,67.27216018736709,113.11824676478027,156.5529809671418,197.78844125552695,236.95527324478977,274.16160670426757,309.5065567579203,343.08346709884563,374.98082874212366,405.28266493072755,434.06878669836146,461.41501080691995,487.39336117647537,512.0722589741881,535.5167029090186,557.7884404433012,578.9461304254841,599.0454975844747,618.1394792952565,636.2783650029872,653.5099286729484,669.8795546152521,685.4303570157186,700.2032934877569,714.2372729443339,727.5692580741415,740.234362691874,752.2659442190178,763.6956915387251,774.5537084561702,784.8685929842015,794.667512663111,803.9762761128987,812.8194010064848,821.2201786428894,829.2007352904633,836.7820904617173,843.9842122732456,850.8260700365407,857.3256842182125
571,0.0,67.74586104676929,113.91485969603723,157.65560363977556,199.1816566333483,238.6245776695733,276.0932523836763,311.68748900575747,345.50128422488365,377.62374829879104,408.13949259807447,437.1288869187889,464.66827891765837,490.83019693161606,515.6835413817781,539.2937663180624,561.723051819557,583.0304677578595,603.2721293664848,622.5013450285767,640.7687566726172,658.1224731459057,674.6081969170227,690.2693444409117,705.1471605035227,719.2808268471396,732.7075653624242,745.4627361189405,757.5799304923132,769.0910596332704,780.0264385115562,790.414865756048,800.2836995013439,809.658929440563,818.5652452741256,827.02610173477,835.0637803600696,842.699448175122,849.9532134399726,856.8441786085824,863.3904906388176
572,0.20703125,-38.106312073030566,-64.07568547533118,-88.6790857690328,-112.03665989963577,-134.22242262874323,-155.29763188679544,-175.3184374730295,-194.33771871792717,-212.40560524729727,-229.5696952328837,-245.87520030758003,-261.36506912449676,-276.0801015370355,-290.0590563355263,-303.3387534223777,-315.9541708322441,-327.9385368854173,-339.3234177256737,-350.13880047590766,-360.41317223178345,-370.17359510220865,-379.4457774947681,-388.25414183425534,-396.62188889294913,-404.57105890229195,-412.12258960711176,-419.29637141542815,-426.111299789212,-432.58532501418046,-438.7354994797869,-444.5780225939911,-450.12828345116156,-455.40090136552885,-460.40976437698276,-465.168065830662,-469.6883391267022,-473.98249073168864,-478.06183153877686,-481.93710665909333,-485.61852372289417
573,0.20625000000000002,-40.31696464997516,-67.79336022157278,-93.82477110568978,-118.53826458473749,-142.01211392380202,-164.31110423308894,-185.49462189007508,-205.61859708183914,-224.73605371259276,-242.89733961672758,-260.1502794004912,-276.5403048248675,-292.11057535436976,-306.9020919491127,-320.9538050153704,-334.3027169330202,-346.9839794569033,-359.03098625241614,-370.47546080826595,-381.3475399565333,-391.6758532188057,-401.4875981863941,-410.8086121324199,-419.66344004380437,-428.075399251878,-436.066640831477,-443.65820792993895,-450.8700911793891,-457.72128133807047,-464.22981929920314,-470.41284359895013,-476.2866355485118,-481.8666621091175,-487.16761662276485,-492.2034575059155,-496.9874450079973,-501.53217613148377,-505.8496178054766,-509.95113840012897,-513.8475376648788
574,0.20546875000000003,-42.463420982278016,-71.40217618282556,-98.81878111479645,-124.84711816458137,-149.56966342302908,-173.0546779321619,-195.36473080235845,-216.55874691320744,-236.69258717174662,-255.819291684951,-273.98924122194114,-291.2502948846491,-307.647917331337,-323.2252988228219,-338.02346907334237,-352.0814053584915,-365.4361352009971,-378.1228339140445,-390.17491726196033,-401.6241294835371,-412.50062691056945,-422.83305740232333,-432.64863580552253,-441.9732156388832,-450.83135719121464,-459.2463922126216,-467.2404853693257,-474.8346926240781,-482.04901669601537,-488.9024597461034,-495.41307342698985,-501.5980064291392,-507.4735496485139,-513.0551790948027,-518.357596653236,-523.394768807368,-528.179963424836,-532.725784703002,-537.0442063665256,-541.1466032043247
575,0.20468750000000002,-44.54641047522987,-74.90517394829612,-103.66734905608114,-130.97333733803097,-156.90962629688062,-181.54779953358818,-204.9534750571581,-227.18845176314875,-248.3113171245276,-268.37770161770516,-287.4404476410113,-305.5497536060847,-322.7533071555052,-339.09641090942966,-354.62210175406545,-369.3712641353332,-383.38273768662657,-396.69341947878775,-409.33836116107796,-421.35086124768236,-432.76255279166367,-443.60348667633826,-453.9022107427309,-463.68584496094667,-472.98015284300294,-481.8096092848575,-490.1974650160275,-498.1658078263175,-505.7356207307277,-512.9268372255835,-519.7583937812856,-526.2482797098364,-532.4135845383864,-538.270543013496,-543.8345778545881,-549.1203403691292,-554.1417490364674,-558.9120261619117,-563.4437326975468,-567.7488013214729
576,0.20390625,-46.55872878066422,-78.28844873054508,-108.34922581443662,-136.8878524301845,-163.99475750535495,-189.7447843415278,-214.2065356008511,-237.44461842054295,-259.5202805878033,-280.4916771349416,-300.4140473531113,-319.33986572578914,-337.3189814113622,-354.39874985881573,-370.62415763238755,-386.03794094074556,-400.68069822206405,-414.5909970914358,-427.80547593532185,-440.3589404218562,-452.28445518190773,-463.61343090284566,-474.37570706474486,-484.5996305372196,-494.3121302440989,-503.5387880927667,-512.3039063551099,-520.6305716776478,-528.540715889521,-536.0551737685677,-543.1937379176825,-549.9752108960456,-556.4174547425617,-562.537438021972,-568.3512805175872,-573.8742956883646,-579.1210310021779,-584.1053062515266,-588.84024995261,-593.3383339236508
577,0.203125,-48.50121286673493,-81.5551723691554,-112.87078332667839,-142.6009159136027,-170.83973864609587,-197.66519227916334,-223.14872189649094,-247.35761409137513,-270.35565869428666,-292.2034258432694,-312.9584499377791,-332.67538655020957,-351.40615749103455,-369.20008773473626,-386.10403531074195,-402.16251466481253,-417.41781384963934,-431.9101058588015,-445.6775543970407,-458.75641436423575,-471.1811273166336,-482.98441215586917,-494.19735128393773,-504.8494724504952,-514.9688265076273,-524.5820612765417,-533.7144917204572,-542.3901666082884,-550.6319318445279,-558.4614906319729,-565.8994606256257,-572.9654282282004,-579.6780001701499,-586.0548525099867,-592.112777183902,-597.8677262272168,-603.3348537841022,-608.5285560161632,-613.4625090149707,-618.149704818358
578,0.20234375,-50.36698653378436,-84.69204695831561,-117.2116615071864,-148.0846275657481,-177.40876937387304,-205.26505105885542,-231.727685876387,-256.8665648968304,-280.74794517457286,-303.4347381221465,-324.98670098413993,-345.460600102935,-364.9103618004073,-383.3872147516215,-400.9398250136878,-417.6144242454122,-433.4549314975457,-448.50306890491754,-462.79847158828835,-476.378792056616,-489.27979938540113,-501.53547343278365,-513.1780943418732,-524.238327565306,-534.7453046361607,-544.7266998981352,-554.2088033971946,-563.2165901267738,-571.7737858089985,-579.9029293852453,-587.6254323806772,-594.9616352991617,-601.9308611971343,-608.551466577546,-614.8408897379627,-620.8156967001779,-626.4916248423251,-631.8836243484249,-637.0058975845475,-641.8719365053142
579,0.2015625,-52.156989152643675,-87.70235603254095,-121.37833168475603,-153.34931242297836,-183.71656719658927,-212.56391338396784,-239.96818266078196,-266.00173447384316,-290.73316772560884,-314.22761878071424,-336.54695932103715,-357.7499651099493,-377.8924720105917,-397.027523246904,-415.2055090962011,-432.4742995577249,-448.87937038355915,-464.463922810156,-479.26899730580897,-493.33358163257776,-506.6947135062475,-519.3875781238638,-531.4456008150487,-542.9005350606145,-553.782546109885,-564.1202904166394,-573.9409911026315,-583.2705096472295,-592.1334139918202,-600.5530432382114,-608.5515691113071,-616.150054347848,-623.3685081649083,-630.225938954175,-636.7404043407358,-642.9290587381653,-648.8081985251174,-654.3933049623715,-659.6990849633312,-664.7395098253298
580,0.20078125000000002,-53.86471506621808,-90.57349055365388,-125.35144832994585,-158.3684117292616,-189.72899718480895,-219.51979047882668,-247.82015791115012,-274.7048435835962,-300.244705320967,-324.50702304623957,-347.55570353415413,-369.45145500262186,-390.25194846330106,-410.0119699755203,-428.7835650468383,-446.61617575265063,-463.55677098073386,-479.6499701548194,-494.93816076626956,-509.4616100246287,-523.2585709217852,-536.3653829895261,-548.8165680161802,-560.6449209746925,-571.8815964018045,-582.5561904559971,-592.6968188704377,-602.330191006338,-611.4816802018428,-620.1753906017989,-628.434220644465,-636.2799233724251,-643.7331637265785,-650.81357297414,-657.5398004140282,-663.9295624958394,-669.999689481797,-675.7661697745867,-681.2441920278408,-686.4481851501916
581,0.2,-55.49120025648454,-93.3088255070225,-129.13754226564058,-163.15225942747412,-195.460722018368,-226.15210727806357,-255.3081597813803,-283.0058657085932,-309.3182100991018,-334.31449395678544,-358.0605447864513,-380.61889617032466,-402.04895377755133,-422.4071520524154,-441.7471028473049,-460.1197365804804,-477.5734363302854,-494.154165226058,-509.9055874715108,-524.8691833183667,-539.0843582921169,-552.5885469567779,-565.4173114913283,-577.6044353369682,-589.1820121614675,-600.1805303746105,-610.6289534170888,-620.5547960341042,-629.98419673441,-638.9419866255005,-647.4517548061256,-655.5359104882758,-663.2157420121707,-670.511472909615,-677.4423151633306,-684.0265198024804,-690.2814249676088,-696.223501571548,-701.8683966765225,-707.230974701672
582,0.19921875,-57.030349718451646,-95.89651846101874,-132.71840179020236,-167.67580197165603,-200.8794826368212,-232.4211173927399,-262.3847362637595,-290.8494755609089,-317.89035701735276,-343.57861426341543,-367.98190959747274,-391.1645188266153,-413.18750209132116,-434.10886506091003,-453.9837118155297,-472.8643900203308,-490.80062882130466,-507.83966983750184,-524.026391597908,-539.403427751918,-554.0112793653938,-567.8884215984726,-581.0714050463989,-593.5949520105141,-605.4920479531437,-616.7940283773933,-627.5306613607889,-637.7302259602263,-647.4195866948019,-656.6242643027643,-665.3685029589828,-673.6753341300168,-681.5666372349964,-689.0631972721102,-696.1847595624995,-702.9500817557612,-709.3769832340448,-715.4823920448825,-721.2823894863668,-726.7922524621223
583,0.19843750000000002,-58.48328965806728,-98.34001504395431,-136.10057695590794,-171.94931849900462,-205.9997964916369,-238.34599822756988,-269.07407719828683,-298.2651716721247,-325.9962028483872,-352.3402091064647,-377.3665679256382,-401.1411851666581,-423.72667004897227,-445.18250030009517,-465.56517881259157,-484.92838242077755,-503.32310323149073,-520.7977828889801,-537.3984401280425,-553.1687919505207,-568.1503687434439,-582.3826236412655,-595.9030364196617,-608.7472121940732,-620.9489751825822,-632.5404577797943,-643.5521851760958,-654.0131557449689,-663.9509174099356,-673.3916401921421,-682.3601851295457,-690.8801697491443,-698.974030264606,-706.6630806630546,-713.9675688365837,-720.9067299062815,-727.4988368791802,-733.7612487715099,-739.7104563249745,-745.3621254364327
584,0.19765625000000003,-59.84437330017602,-100.62831244327889,-139.2671021701184,-175.94941513707226,-210.79147927919283,-243.8894908300518,-275.3316254654651,-305.2009238040002,-333.5761089532522,-360.5319290718756,-386.1393848213132,-410.4659233161113,-433.5756173694989,-455.5293346365479,-476.3848980350184,-496.197238079055,-515.0185375761431,-532.8983690803633,-549.883825467271,-566.0196439754874,-581.3483240423094,-595.9102392440699,-609.7437436363552,-622.88527277437,-635.3694396796805,-647.229126006221,-658.4955686457806,-669.1984420011488,-679.3659361436812,-689.0248310611908,-698.2005671917568,-706.9173124292645,-715.1980257771808,-723.0645178182419,-730.5375081593422,-737.6366800029305,-744.3807319886669,-750.7874274418866,-756.8736411585928,-762.6554038502111
585,0.19687500000000002,-61.11481013126116,-102.76490568680218,-142.2245063312506,-179.68625284307714,-215.26881371767283,-249.07040683990448,-281.1810634529951,-311.6855736689375,-340.6643206021672,-368.19362970169004,-394.34600068603135,-419.1903053629208,-442.7919704954521,-465.21315039440276,-486.5128906333942,-506.74728352726663,-525.9696158280582,-544.2305090360848,-561.5780526964257,-578.0579310311914,-593.7135432403037,-608.5861177869608,-622.7148209682575,-636.1368600564988,-648.8875812825277,-661.0005629188739,-672.5077037076701,-683.4393068660636,-693.8241598902366,-703.689610368104,-713.0616380002659,-721.964923018819,-730.4229111841622,-738.4578755309205,-746.0909750255715,-753.3423102902103,-760.2309765391929,-766.7751138680389,-772.9919550270255,-778.8978708052665
586,0.19609375,-62.289436420253,-104.7396994170546,-144.95717455419134,-183.13824164909457,-219.40387635655566,-253.85420445490595,-286.5810036390662,-317.6707068621149,-347.20525325194194,-375.262444648278,-401.9161823329457,-427.23666889405916,-451.2905947873995,-474.1413143844584,-495.84901294309395,-516.4708651615597,-536.0611857844767,-554.6715726696759,-572.3510426960462,-589.1461608714836,-605.1011629815583,-620.2580721022756,-634.656809284058,-648.3352986986608,-661.3295675261037,-673.6738408448196,-685.4006317750352,-696.5408271128742,-707.1237686807877,-717.1773306086232,-726.7279927489094,-735.8009104197553,-744.4199806590735,-752.6079051646531,-760.3862500858743,-767.77550282455,-774.7951259945193,-781.4636086821126,-787.7985151425153,-793.8165310602864
587,0.1953125,-63.369537477284666,-106.55621651333557,-147.47157433066752,-186.31536168668256,-223.21062712303214,-258.25921356976244,-291.55447494928217,-323.1843304580036,-353.2321295368644,-381.77701413271245,-408.89415921844505,-434.6549779311755,-459.12731119989377,-482.37560671664755,-504.46108870052075,-525.4419191191054,-545.3733508390957,-564.307873118493,-582.2953498246242,-599.3831507414473,-615.616276311279,-631.037476138878,-645.6873615695124,-659.6045126371466,-672.8255796641183,-685.385379779666,-697.3169886113159,-708.6518273904711,-719.4197457014869,-729.6491000920751,-739.366828751984,-748.5985224565721,-757.3684919620601,-765.6998320299093,-773.6144822489166,-781.1332848151648,-788.2760394219865,-795.061555404471,-801.5077012758321,-807.6314517860797
588,0.19453125,-64.35046445148532,-108.20533131448367,-149.75353775404005,-189.19796000175813,-226.6635755770253,-262.2538224942122,-296.06351462733505,-328.1819443760859,-358.69376170667846,-387.6793424657067,-415.21503292939735,-441.37335833713286,-466.22321561841136,-489.8300552603777,-512.2560537988617,-533.5602776151998,-553.7988385226886,-573.0250415649592,-591.2895254188771,-608.6403957728567,-625.1233520324141,-640.7818076869909,-655.6570046552962,-669.7881219105063,-683.2123786715501,-695.965132432371,-708.0799720874355,-719.5888063988331,-730.5219480380179,-740.9081934235927,-750.7748985654406,-760.1480511149923,-769.0523388114215,-777.5112145040544,-785.546957922274,-793.180734355613,-800.4326503986025,-807.3218069072036,-813.8663493063091,-820.0835153808172
589,0.19375,-65.23357055227447,-109.69057283156761,-151.80943103511208,-191.7957743693938,-229.77627278714513,-265.8557663680597,-300.13035615575586,-332.6905483799836,-363.6221449311628,-393.00661631756407,-420.92134928775255,-447.43985802248835,-472.63197935477234,-496.56405701647196,-519.2991164044648,-540.8970305512256,-561.4146777858099,-580.9060915101757,-599.4226024865752,-617.0129740103454,-633.7235303235084,-649.5982786068547,-664.6790248713795,-679.0054840539682,-692.6153846070298,-705.5445678573319,-717.8270823955537,-729.4952737450132,-740.579869545626,-751.1100604773554,-761.1135771362009,-770.6167630651422,-779.6446441323259,-788.2209944391656,-796.3683989319167,-804.1083128815804,-811.461118388773,-818.446178062347,-825.081886013127,-831.3857162970404
590,0.19296875000000002,-66.01475047069543,-111.00384136247493,-153.62662059558056,-194.09121001635305,-232.52581848080692,-269.0365585095949,-303.72069559676595,-336.66983107128806,-367.9708038425087,-397.7060682200639,-425.95394477440465,-452.7888342539658,-478.28141528948197,-502.498830959736,-525.5048657395114,-547.3601135293471,-568.1221372632281,-587.8456205272679,-606.582511592028,-624.3821602388762,-641.2914477412454,-657.3549103434151,-672.6148565622386,-687.111478620917,-700.8829583084274,-713.965567543516,-726.393763908187,-738.200281402367,-749.4162166588135,-760.0711108453895,-770.1930274704341,-779.8086262961874,-788.9432335549631,-797.6209086530088,-805.8645075377716,-813.6957428954544,-821.1352413374391,-828.2025977261887,-834.9164267837249,-841.2944121186098
591,0.1921875,-66.69541697246994,-112.14865029251878,-155.21133211552024,-196.09370232460333,-234.92527132119767,-271.81322996068826,-306.8558339130118,-340.14561844025246,-371.7703088851262,-401.81320202455225,-430.35341926772554,-457.46612259968424,-483.2227141901433,-507.6910247796225,-530.9354923702654,-553.0173319222761,-573.9946965532596,-593.922830675242,-612.8542154741841,-630.838707114871,-647.9236680346754,-664.1540916715184,-679.5727209541624,-694.2201608666228,-708.1349853829255,-721.3538390536705,-733.9115335118057,-745.841139151659,-757.1740722225879,-767.9401775665581,-778.1678072174749,-787.8838950692378,-797.1140278091199,-805.882512303246,-814.2124396116269,-822.1257458013018,-829.6432697177413,-836.7848078666401,-843.5691665506233,-850.0142113981697
592,0.19140625,-67.27203360114807,-113.11797581599025,-156.552544235173,-197.7878231793796,-236.9544623910176,-274.1605946780443,-309.50533748042506,-343.0820363037502,-374.97918360974836,-405.28080381286026,-434.0667089054016,-461.412716439505,-487.39085098988335,-512.0695342675501,-535.513765433746,-557.7852923266688,-578.9427741063633,-599.0419357589346,-618.1357148702795,-636.274401056908,-653.5057684215299,-669.8752013825089,-685.425814208768,-700.1985645751124,-714.2323614371431,-727.5641675099689,-740.229096620681,-752.2605061910485,-763.6900850940526,-774.5479371156919,-784.8626602419013,-794.661421979432,-803.9700309090924,-812.813004659813,-821.2136344825867,-829.194046594358,-836.7752604534406,-843.9772441199561,-850.8189668471042,-857.3184490417825
593,0.19062500000000002,-67.74606396858039,-113.91529403125432,-157.65630372049242,-199.18264739727138,-238.62587743702352,-276.09487460355535,-311.689443414242,-345.5035776528401,-377.62638525845216,-408.1424757243185,-437.1322173104659,-464.67195640758104,-490.83422030397406,-515.6879085497477,-539.2984744706021,-561.7280975438863,-583.0358471424494,-603.2778380882157,-622.5073784268926,-640.775109812881,-658.1291408737293,-674.6151739049827,-690.2766252288039,-705.1547395331104,-719.288698492168,-732.7157239545702,-745.4711759702415,-757.5886459145413,-769.1000449546466,-780.0356880911497,-790.4243739961453,-800.293460858041,-809.6689384328004,-818.5754964913477,-827.0365898433855,-835.0745001088426,-842.710394399633,-849.9643810662518,-856.8555626560159,-863.402086222415
594,0.18984375000000003,-68.1145622742547,-114.53470033310347,-158.51326938061268,-200.2650086414417,-239.92220324528057,-277.5943396126699,-313.3817760375136,-347.37902669594143,-379.6756920166095,-410.35684848030894,-439.5033074337476,-467.19183579233726,-493.49536001931597,-518.4831586153286,-542.2210446866325,-564.7715393131289,-586.194036227697,-606.5449582533653,-625.8779059135462,-644.2437986076856,-661.6910087245413,-678.2654890465313,-694.0108937808452,-708.9686935362078,-723.1782845481948,-736.6770924408489,-749.5006707979287,-761.6827948034485,-773.2555501981736,-784.2494177863882,-794.6933537155297,-804.6148657401477,-814.0400856710626,-822.9938382005524,-831.4997062848491,-839.5800932561523,-847.256281827758,-854.5484901477162,-861.4759250486492,-868.0568326339907
595,0.18906250000000002,-68.37903395249661,-114.97961210165307,-159.12927178704476,-201.04356521384207,-240.8552756673367,-278.6743025336395,-314.6013838495246,-348.7313924174877,-381.15426939294247,-411.955415339789,-441.2159498718399,-469.01293308454444,-495.41957022995956,-520.505404879135,-544.3365021398104,-566.9756226493272,-588.4823878534542,-608.913437017478,-628.3225763850257,-646.7609208774766,-664.2770287068688,-680.9170292565241,-696.7247445659427,-711.7418047397284,-726.0077575843376,-739.5601727612839,-752.4347407310031,-764.665366747887,-776.2842601539751,-787.3220192064277,-797.8077116621397,-807.7689513316972,-817.231970804267,-826.2216905349251,-834.7617844763637,-842.874742427806,-850.581929265325,-857.9036412095495,-864.8591592789304,-871.4668000693497
596,0.18828125,-68.53714202057671,-115.24528033605944,-159.49670750937344,-201.5074937304216,-241.41074393435923,-279.3166231341182,-315.3261117352848,-349.5343098732027,-382.0313735270184,-412.9029067190786,-442.2302219216599,-470.09056211989343,-496.5573060496475,-521.7001618762066,-545.5853508911605,-568.2757819528681,-589.8312171849313,-610.3084293818366,-629.7613515394639,-648.2412189051652,-665.7967039218867,-682.4740444219169,-698.317165408009,-713.3677947427161,-727.6655730506965,-741.2481581235103,-754.1513241019168,-766.4090556969359,-778.0536376978562,-789.1157400029529,-799.6244983968897,-809.6075912875596,-819.0913126044926,-828.1006410508307,-836.6593058912781,-844.789849449297,-852.5136864781606,-859.8511605622413,-866.8215976970743,-873.4433571893334
597,0.1875,-68.59042445379093,-115.33504262890041,-159.62115497725057,-201.66498259717733,-241.59972103071993,-279.5356107200302,-315.5737021377851,-349.809162182843,-382.3322107097971,-413.22851283033344,-442.5794393826568,-470.46228906586737,-496.9504937610481,-522.113812300956,-546.0185142620147,-568.7275545013601,-590.3007389516426,-610.794882121609,-630.263956719423,-648.7592357929556,-666.3294277612116,-683.0208046923037,-698.8773241656244,-713.940745039027,-728.2507374257812,-741.8449871708655,-754.7592951016708,-767.0276713144538,-778.6824247448125,-789.7542482580463,-800.2722994834625,-810.2642776055013,-819.7564963138981,-828.7739531049879,-837.3403951166615,-845.4783816703464,-853.209343684709,-860.5536401175614,-867.5306115845991,-874.1586312961915
598,0.18671875,-68.5371674954623,-115.24533486285759,-159.49679539837817,-201.5076181125938,-241.41090710993493,-279.3168267917836,-315.3263570976275,-349.5345977980657,-382.0317045811437,-412.9032812335004,-442.2306400345517,-470.0910238104603,-496.5578111654184,-521.7007101553328,-545.5859419808439,-568.2764154247394,-589.8318925479803,-610.3091460933563,-629.7621090143616,-648.2420165239193,-665.7975410373691,-682.4749203652599,-698.3180794936613,-713.3687462728067,-727.6665613188057,-741.2491824179288,-754.1523837084632,-766.4101499013901,-778.0547657880604,-789.1169012706202,-799.6256921391572,-809.6088168083202,-819.0925692155295,-828.1019280727809,-836.6606226544424,-844.7911952943185,-852.5150607565857,-859.8525626369747,-866.8230269427455,-873.4448129925805
599,0.1859375,-68.37893217972963,-114.97939426560572,-159.12892066767841,-201.04306830247188,-240.8546237739607,-278.6734889113511,-314.60040361345455,-348.73024213991374,-381.15294680909744,-411.9539191265778,-441.2142794766767,-469.0110885899623,-495.4175522445802,-520.503214448595,-544.3341406731403,-566.9730918575196,-588.4796896978053,-608.9105736658653,-628.319550174709,-646.7577342833106,-664.2736843140432,-680.9135297371233,-696.7210926587438,-711.7380032327635,-726.0038092998268,-739.5560805426113,-752.4305074314585,-764.660995220937,-776.2797532448735,-787.3173797449845,-797.8029424565099,-807.7640551630618,-817.226950422296,-826.21654865393,-834.7565237720526,-842.869365534575,-850.5764387740182,-857.8980396656333,-864.8534491810319,-871.4609838681192
600,0.18515625000000002,-68.11463854184723,-114.53486357731903,-158.51353250575875,-200.26538102109768,-239.92269176597216,-277.5949493300443,-313.3825106117958,-347.3798886953707,-379.6766831379171,-410.3579697145563,-439.5045591946025,-467.193218017542,-493.4968722523977,-518.4848000723546,-542.2228143113838,-564.7734358231372,-586.1960581529588,-606.5471039691054,-625.880173668094,-644.2461865462951,-661.693514909818,-678.2681114759953,-694.0136304020688,-708.9715422598812,-723.1812432594137,-736.6801590088733,-749.5038430846175,-761.686070670546,-773.2589275135967,-784.2528944296422,-794.69692758236,-804.6185347465247,-814.0438477565798,-822.9976913313085,-831.5036484558765,-839.5841224934459,-847.260396189954,-854.5526877274581,-861.4802039736805,-868.0611910680084
601,0.184375,-67.74586105050673,-113.91485970218993,-157.6556036465271,-199.1816566381556,-238.624577669412,-276.0932523752312,-311.6874889855825,-345.5012841895328,-377.62374824492446,-408.13949252253593,-437.12888681866315,-464.668278790314,-490.83019677473237,-515.6835411933572,-539.2937660964353,-561.7230515633787,-583.0304674661004,-603.2721290384139,-622.5013446637472,-640.7687562708421,-658.1224727072375,-674.6081964417326,-690.2693439294637,-705.1471599565547,-719.2808262654372,-732.7075647469022,-745.4627354706234,-757.5799298123156,-769.0910589227781,-780.0264377718115,-790.4148649883352,-800.2836987069745,-809.6589286208653,-818.565244430432,-827.0261008684095,-835.0637794723573,-842.6994472673534,-849.9532125134173,-856.8441776644768,-863.3904896783632
602,0.18359375,-67.27216019123888,-113.11824677118045,-156.5529809742243,-197.78844126069814,-236.95527324496032,-274.1616066960478,-309.5065567377837,-343.0834670632637,-374.9808286876741,-405.28266485417487,-434.06878659671486,-461.4150106774783,-487.39336101685427,-512.0722587823333,-535.5167026832121,-557.7884401821559,-578.946130127936,-599.0454972497655,-618.1394789229186,-636.2783645928198,-653.5099282249963,-669.8795541297836,-685.430356493201,-700.2032929288355,-714.2372723498063,-727.5692574449379,-740.2343620290378,-752.2659435236844,-763.6956908121048,-774.5537076995316,-784.868592198856,-794.6675118503993,-803.9762752741788,-812.8194001431199,-821.2201777562392,-829.2007343818744,-836.7820895325166,-843.9842113247335,-850.8260690699848,-857.3256832348445
603,0.18281250000000002,-66.6951141601572,-112.14800214823944,-155.21028740317277,-196.09222382613763,-234.92333169289336,-271.8108091279537,-306.8529173415165,-340.142195931227,-371.7663737000299,-401.80875022667357,-430.3484492129087,-457.46063453349115,-483.2167099234474,-507.6845074235829,-530.9284661172736,-553.0098018631759,-573.9866685236422,-593.9143111253566,-612.845211358256,-630.8292257965226,-647.9137172058187,-664.143679282609,-679.5618551540925,-694.2088499508372,-708.1232377485921,-721.3416631609276,-733.8989378502636,-745.8281322114582,-757.1606624694303,-767.9263734201944,-778.1536170332257,-787.8693271221658,-797.0990902805304,-805.8672132692382,-814.1967870334428,-822.1097475172639,-829.6269334365883,-836.7681411620944,-843.5521768570449,-849.9969060071678
604,0.18203125000000003,-66.01492660282024,-111.00421835812452,-153.62722825591732,-194.09206998868626,-232.52694666885102,-269.03796658883806,-303.72239202011264,-336.67182176981396,-367.97309273463134,-397.70865759452965,-425.956835586529,-452.79202635996285,-478.2849076351682,-502.50262173469304,-525.5089525045042,-547.3644933226429,-568.1268066899999,-587.850575835261,-606.5877487359368,-624.3876749353537,-641.2972355160754,-657.3609665720759,-672.6211765048596,-687.1180574524518,-700.8897911447227,-713.9726494638477,-726.4010899747398,-738.2078466770611,-749.4240162178253,-760.0791397916563,-770.2012809443992,-779.8170994850027,-788.9519217003342,-797.6298070578537,-805.8736115718266,-813.7050479999633,-821.1447430290248,-828.2122916000106,-834.9263085160044,-841.3044774685976
605,0.18125000000000002,-65.2331697126659,-109.68971486811114,-151.8080481254028,-191.79381724704166,-229.77370525663608,-265.85256185619096,-300.1264954230951,-332.68601792617994,-363.616935836249,-393.0007233704184,-420.9147703119622,-447.4325933431032,-472.62403136888156,-496.5554298423827,-519.2898155917369,-540.8870628387218,-561.4040508982316,-580.8948139858626,-599.4106835309924,-617.0004233708854,-633.7103581821299,-649.5844954877572,-664.664641561437,-678.9905115340506,-692.5998339926603,-705.5284503473906,-717.8104092279317,-729.4780561583065,-740.5621187460785,-751.091787610386,-761.0947932619404,-770.5974791374824,-779.6248709810507,-788.2007427547945,-796.3476792529307,-804.0871355837494,-811.4394936763333,-818.4241159608114,-825.0593963635307,-831.3628087514566
606,0.18046875,-64.35068903974025,-108.20581202631011,-149.75431258926724,-189.1990565631345,-226.665014143569,-262.25561795347636,-296.06567775771595,-328.1844827403636,-358.6966803012678,-387.6826442090085,-415.21871903953803,-441.3774286307617,-466.22766875131845,-489.83488892406916,-512.2612648830327,-533.5658623433019,-553.8047925659309,-573.0313601387909,-591.2962033650747,-608.647427629668,-625.1307320947083,-640.7895300579806,-655.6650632911122,-669.7965106586715,-683.2210913042195,-695.9741626750684,-708.089313643892,-719.5984529724428,-730.531893350353,-740.9184312303499,-750.785422670141,-760.1588553807154,-769.06341717081,-777.5225609678026,-785.5585665862793,-793.1925994069511,-800.4447661204664,-807.33416768293,-813.8789496225968,-820.0963498302384
607,0.1796875,-63.3690410817042,-106.55515402036133,-147.46986174973904,-186.31293800681232,-223.207447520067,-258.2552451357178,-291.54969385823694,-323.1787199912545,-353.2256786480071,-381.7697163683377,-408.8860118832964,-434.6459814277814,-459.1174684967753,-482.3649229138646,-504.44957067058203,-525.4295752073408,-545.3601906116885,-564.2939071492281,-582.2805895134485,-599.3676081594258,-615.5999640676397,-631.0204072666766,-645.6695494270992,-659.5859708231151,-672.806321943816,-685.3654200216685,-697.2963407325112,-708.6305053086195,-719.3977632942853,-729.6264711618961,-739.3435669955808,-748.5746414391318,-757.3440050950776,-765.674752552415,-773.5888232116582,-781.1070590673916,-788.2492596005221,-795.0342339248092,-801.4798503250124,-807.6030833171321
608,0.17890625,-62.28970807999175,-104.74028088134044,-144.95811178723903,-183.13956803891026,-219.40561643243117,-253.85637622466876,-286.5836201401467,-317.6737772423655,-347.2087835549643,-375.2664384041283,-401.9206410150455,-427.24159228061757,-451.29598125246196,-474.14716113568284,-495.8553162182765,-516.4776203926158,-536.0683877353359,-554.6792155529857,-572.3591202724643,-589.1546665345238,-605.1100898303463,-620.2674130041124,-634.6665569283371,-648.3454456434047,-661.3401062381718,-673.6847637346681,-685.4119312267596,-696.5524955101639,-707.13579842932,-717.1897141553526,-726.7407225986396,-735.8139791493307,-744.4333809294824,-752.621629731295,-760.4002918072082,-767.7898546693249,-774.8097810477466,-781.4785601499364,-787.8137563561063,-793.8320554788776
609,0.178125,-61.11422124016578,-102.7636452149625,-142.22247463778066,-179.68337754854352,-215.26504164563585,-249.06569895048182,-281.17539148066635,-311.6789177797172,-340.65666769131246,-368.1849721132855,-394.3363352225868,-419.17963250195515,-442.7802937586102,-465.2004758320478,-486.49922639860733,-506.7326395203879,-525.9540033977694,-544.2139407264209,-561.5605420315279,-578.0394923313717,-593.6941914643165,-608.5658683963634,-622.6936898105156,-636.1148632640885,-648.8647351857522,-660.9768839705,-672.4832084177798,-683.4140117457753,-693.7980814031395,-703.6627648884294,-713.0340417769445,-721.9365921447018,-730.3938615697693,-738.428122882173,-746.0605348250241,-753.3111977813728,-760.1992067135681,-766.7427014545585,-772.958914483598,-778.8642163121876
610,0.17734375000000002,-59.84469035653765,-100.6289910751326,-139.26819602268023,-175.9509631777562,-210.79351013632984,-243.8920255207147,-275.33467920573264,-305.2045072703907,-333.5802291992865,-360.53659021749417,-386.1445885861412,-410.47166944127775,-433.5819039573226,-455.5361584280481,-476.39225463928125,-496.2051221646183,-515.0269430319337,-532.9072891519033,-549.8932528725634,-566.0295710040393,-581.3587426400467,-595.9211410863554,-609.7551201909148,-622.8971153556074,-635.3817394956034,-647.2418741990091,-658.5087563268485,-669.2120602814383,-679.3799761597975,-689.0392839979146,-698.2154243013853,-706.9325650481752,-715.2136653399567,-723.0805358696542,-730.553896364445,-737.6534301554977,-744.3978360181644,-750.8048774191542,-756.8914293003909,-762.6735225227628
611,0.1765625,-58.48261190218049,-98.33856436451045,-136.09823867601511,-171.94600931702502,-205.99545520669105,-238.34057990856618,-269.0675493143656,-298.2575113962945,-325.98739509835366,-352.3302450709997,-377.35544392472355,-401.12890174985176,-423.7132312693232,-445.16791312096007,-465.54945261735094,-484.911528603737,-503.30513485385654,-520.7787143876949,-537.3782870680554,-553.1475708130985,-568.1280967446385,-582.3593185758072,-595.8787165264256,-608.7218960399542,-620.9226815621561,-632.5132056285819,-643.5239934955833,-653.9840435378361,-663.9209036241623,-673.3607436728656,-682.3284245776971,-690.8475636860214,-698.9405970016629,-706.6288382762723,-713.9325351448713,-720.8709224534306,-727.4622729189483,-733.72394525546,-739.6724298927493,-745.3233924081696
612,0.17578125,-57.030710216698886,-95.89729007649291,-132.7196455183806,-167.67756211911097,-200.8817917544156,-232.42399937720876,-262.3882084160108,-290.8535500202949,-317.8950418038174,-343.5839140613741,-367.9878263621439,-391.17105226363526,-413.1946500429742,-434.1166238216611,-453.9920763928196,-472.8733543521832,-490.8101859593141,-507.84981210170383,-524.0371107085417,-539.4147149420182,-554.0231254773388,-567.9008171670083,-581.0843403701864,-593.6084172138858,-605.5060330394598,-616.808523275168,-627.5456559635576,-637.7457101609874,-647.4355504157348,-656.6406975208256,-665.3853957278975,-673.6926765991112,-681.5844196652594,-689.0814100498158,-696.2033932106872,-702.9691269438265,-709.3964307856685,-715.5022329444893,-721.3026148842955,-726.8128536786543
613,0.17500000000000002,-55.49043781442081,-93.3071935639459,-129.1349118156751,-163.14853676035762,-195.45583828610037,-226.1460119353532,-255.30081623258374,-282.9972482744406,-309.3083018127258,-334.3032849059598,-358.0480308313094,-380.6050779290656,-402.0338358096313,-422.390742191245,-441.7294116487043,-460.1007768624641,-477.5532227860506,-494.1327140964402,-509.8829162663,-524.8453105781667,-539.0593033841311,-552.5623298991965,-565.389952801984,-577.5759559027019,-589.1524331252522,-600.1498730379766,-610.5972391557758,-620.522046225196,-629.9504326934567,-638.9072295523611,-647.4160257384342,-655.4992302615899,-663.1781312259848,-670.4729518985275,-677.4029039727478,-683.9862381683159,-690.2402922995017,-696.1815369391843,-701.8256187986935,-707.1874019377417
614,0.17421875000000003,-53.8651167837821,-90.57435039553188,-125.35283426581941,-158.3703731316952,-189.73157032650536,-219.52300198884518,-247.8240270685538,-274.70938391571906,-300.2499257647213,-324.5129288216245,-347.56229681991664,-369.4587354707111,-390.2599137092597,-410.02061587009666,-428.79288602660006,-446.6261650624733,-463.5674208777129,-479.66127208084635,-494.95010549486216,-509.47418778639536,-523.2717715120128,-536.3791958606967,-548.8309823576996,-560.6599257817069,-571.8971805346582,-582.5723426916321,-592.7135279468189,-602.3474456608346,-611.4994692043424,-620.1937027832305,-628.4530449213054,-636.2992487676845,-643.7529793876978,-650.8338681881709,-657.5605646204262,-663.9507852971518,-670.0213606524967,-675.7882792682714,-681.2667299829924,-686.4711418946665
615,0.17343750000000002,-52.15614672513354,-87.70055288735202,-121.3754252823932,-153.3451992223075,-183.71117112695575,-212.55717859750115,-239.96006872267108,-265.9922130108511,-290.7222199908917,-314.2152338221491,-336.533132564422,-357.73469723830294,-377.8757680616567,-397.00939187583987,-415.18596196617887,-432.4533508314321,-448.8570362955886,-464.44022130509916,-479.2439477303373,-493.3072044723177,-506.66703016014463,-519.3586107101459,-531.4153720040046,-542.8690679302547,-553.7498640212243,-564.0864169058864,-573.9059497879907,-583.2343241483923,-592.0961078604907,-600.514639898267,-608.5120918073835,-616.1095261013063,-623.3269517362824,-630.1833768113144,-636.6968586319608,-642.8845512698355,-648.7627507430905,-654.3469379368894,-659.6518193769297,-664.6913659634112
616,0.17265625,-50.36742699396825,-84.69298972544202,-117.21318110608662,-148.08677813057753,-177.411590675536,-205.26857229455075,-231.73192818446216,-256.87154310919044,-280.7536690899882,-303.44121346400607,-324.99393014127514,-345.46858271561916,-364.9190952322552,-383.3966944751127,-400.950044928808,-417.62537694552776,-433.46660849298223,-448.5154608121795,-462.81156829105,-476.39258284328537,-489.29427306708504,-501.55061844472556,-513.1938988308715,-524.2547794651668,-534.7623917328908,-544.7444098862975,-554.2271239286182,-563.2355088526361,-571.7932904161339,-579.9230076274183,-587.6460721054515,-594.9828244709101,-601.9525879166619,-608.5737190987344,-614.8636564817963,-620.8389662664624,-626.5153860193732,-631.9078661209496,-637.0306091399785,-641.897107238718
617,0.2078125,-35.838951330915904,-60.26357788552693,-83.40373224155539,-105.37236401232491,-126.23904964456298,-146.0613763359738,-164.8921326957409,-182.78103537426162,-199.77521779698992,-215.91943474515813,-231.2561981783316,-245.82589310492662,-259.6668847189404,-272.8156195358934,-285.30672133992067,-297.173082312881,-308.445949608807,-319.15500760459815,-329.32845604255255,-338.99308426905526,-348.1743417636993,-356.8964051435958,-365.18224181858363,-373.05367046439403,-380.53141847257035,-387.6351765280851,-394.3836504580952,-400.7946104881532,-406.88493803540536,-412.67067016186064,-418.16704180467013,-423.38852589453387,-428.3488714678022,-433.0611398725699,-437.5377391640578,-441.79045677980855,-445.83049058071106,-449.66847833956353,-453.31452575480387,-456.77823306316134
618,0.171875,-48.50029564765537,-81.553209138909,-112.86761889095533,-142.59643753876003,-170.83386350781916,-197.65785957131592,-223.1398875943787,-247.34724730271358,-270.34373900782407,-292.18994133449786,-312.9433956263504,-332.6587631797397,-351.38797054648137,-369.1803466396356,-386.0827527636981,-402.1397060858594,-417.39349691466515,-431.88430010551156,-445.6502808897021,-458.72769540719213,-471.1509862086359,-482.9528729788123,-494.16443872079344,-504.8152116281579,-514.9332428611243,-524.5451804316497,-533.6763393922314,-542.3507685134045,-550.5913136256414,-558.4196777925652,-565.8564784740248,-572.9213018296391,-579.6327543058779,-586.0085116425864,-592.065365428059,-597.8192673252972,-603.2853710859652,-608.4780724627052,-613.4110471249608,-618.0972866781755
619,0.17109375,-46.55920526791907,-78.28946861051807,-108.35086970763973,-136.8901788986061,-163.99780957289394,-189.74859359350384,-214.21112490456076,-237.4500038210069,-259.5264726852253,-280.4986821208011,-300.4218678115836,-319.3485012676769,-337.3284291845945,-354.40900496550563,-370.6352134735366,-386.04978950386567,-400.6933303230434,-414.60440257923636,-427.81964386613754,-440.37385920792946,-452.30011271914316,-463.6298146805443,-474.392804260173,-484.6174280972337,-494.3306149556695,-503.5579466439437,-512.3237253877169,-520.6510378328057,-528.5618158469267,-536.0768942803244,-543.2160658373667,-549.9981332035997,-556.4409585655195,-562.5615106534672,-568.3759094315251,-573.8994685520988,-579.1467356869892,-584.1315308411612,-588.8669827501111,-593.3655634566833
620,0.0,-33.51426507823306,-56.354146859578236,-77.99265437074182,-98.53545837045904,-118.047655965468,-136.5831242991142,-154.19124767730855,-170.9185338627696,-186.80907213426434,-201.9047252697496,-216.24525702114178,-229.86844080000267,-242.81016011021083,-255.10450331077948,-266.7838534853465,-277.87897377641366,-288.4190884381938,-298.4319598292825,-307.94396155055824,-316.9801479221408,-325.5643199831506,-333.7190881886109,-341.4659319690158,-348.8252563097307,-355.8164454994763,-362.4579141896448,-368.7671558990741,-374.76078909214925,-380.45460095168784,-385.863588961979,-391.0020004115579,-395.88336991981333,-400.5205550863104,-404.9257703567554,-409.11061919483575,-413.0861246446887,-416.8627583645211,-420.4504682078654,-423.85870442513067,-427.0964445544765
621,0.0,-31.139978959255924,-52.362250552168376,-72.46848163362417,-91.55680777593061,-109.68767964552441,-126.9111314833835,-143.27302867106818,-158.816567802612,-173.58270123147057,-187.61031475760865,-200.936345593543,-213.5958830081169,-225.62226139063415,-237.04714810713403,-247.90062685247148,-258.21127681924855,-268.0062479115955,-277.31133220386124,-286.1510318311469,-294.5486234889147,-302.526219710259,-310.1048270812084,-317.3044015466007,-324.1439009515864,-330.64133495666067,-336.81381245731217,-342.67758663287344,-348.24809774297415,-353.5400137841142,-358.56726911327155,-363.34310114013135,-367.88008518446344,-372.1901675903577,-376.284697184452,-380.1744551609399,-383.8696834720063,-387.3801117984197,-390.7149831712675,-393.8830783122811,-396.89273875682966
622,0.1703125,-44.54542411957752,-74.90306273703416,-103.66394609691103,-130.96852139983815,-156.90330831232433,-181.53991411314672,-204.94397485767013,-227.17730356373144,-248.2984989753506,-268.3632006953807,-287.42425858973746,-305.53187722547625,-322.7337493439064,-339.0751818006413,-354.5992150038228,-369.3467363259362,-383.3565878262713,-396.6656685778293,-409.30903187150295,-421.3199775550314,-432.73013975084274,-443.56957018443245,-453.8668173432128,-463.649001674676,-472.94188702220157,-481.7699484868782,-490.15643689423433,-498.1234400358196,-505.6919408470364,-512.8818726745487,-519.7121717788959,-526.2008272106631,-532.3649281916134,-538.2207091256215,-543.783592357992,-549.0682287958083,-554.0885364963272,-558.8577373250689,-563.3883917801738,-567.6924320747597
623,0.16953125000000002,-42.46393055893952,-71.40326688782513,-98.82053916727574,-124.84960619330462,-149.57292743962662,-173.05875171533066,-195.36963880734834,-216.56450629921932,-236.69920927505015,-255.8267831269295,-273.9976047661672,-291.25953011484074,-307.6580211973082,-323.2362660865035,-338.0352926774247,-352.094076734021,-365.4496445260378,-378.13717033259104,-390.19006907019036,-401.6400842889637,-412.5173717685143,-422.85057893327325,-432.6669202962647,-441.99224912979804,-450.85112555169724,-459.26688120628023,-467.2616807103362,-474.8565800258672,-482.0715819132669,-488.925688610939,-495.4369518800537,-501.6225205462174,-507.49868566323687,-513.0809234179012,-518.3839358887674,-523.4216897662733,-528.2074531361457,-532.7538304229672,-537.0727955859244,-541.1757236541555
624,0.16875,-40.315915239000724,-67.7911140456981,-93.8211506035756,-118.5331407752247,-142.00539204564637,-164.30271471652222,-185.48451436534293,-205.6067362042653,-224.7224161290818,-242.88191168405763,-260.13305542041195,-276.5212856480483,-292.089767256162,-306.8795057110905,-320.9294551661951,-334.27662111501115,-346.9561578933625,-359.0014612968023,-370.44425656062066,-381.3146819357075,-391.64136808138295,-401.4515134849801,-410.77095610733477,-419.6242414432775,-428.03468717668886,-436.0244446006528,-443.6145569646593,-450.825014902694,-457.6748090883168,-464.18198025552124,-470.3636667171956,-476.2361495064128,-481.81489525949524,-487.1145969538488,-492.1492126079014,-496.93200204510447,-501.475561818857,-505.7918583903589,-509.8922596467996,-513.7875648429098
625,0.16796875,-38.10685159742862,-64.07684028088184,-88.68094714193955,-112.03929414930828,-134.22587847085924,-155.3019450851624,-175.32363392006346,-194.34381658120324,-212.4126165292442,-229.5776269439502,-245.8840553736826,-261.3748471048199,-276.0907992020689,-290.0706681392991,-303.3512718927667,-315.96758689664847,-327.95284014462135,-339.3385966856261,-350.15484274491945,-360.4300646890337,-370.1913240422384,-379.4643287517338,-388.2735008890073,-396.64204096545404,-404.59198903148734,-412.14428271993535,-419.31881238648367,-426.13447349231393,-432.6092163668288,-438.7600934814726,-444.60330435910845,-450.1542382371919,-455.42751459707586,-460.4370216661606,-465.19595299427493,-469.716842200598,-474.0115959826224,-478.0915254740797,-481.96737603440636,-485.6493555481972
626,0.16718750000000002,-35.83784533462662,-60.26121059354578,-83.399916518229,-105.36696392165811,-126.2319653156354,-146.05253444768096,-164.88148016226924,-182.76853494503814,-199.7608448596187,-215.90317492068223,-231.2380454611679,-245.80584839153858,-259.6449546229815,-272.7918154202244,-285.28105851654175,-297.1455793753473,-308.4166278708313,-319.12389062491667,-329.2955692206673,-338.9584544997878,-348.13799714095717,-356.858374705629,-365.14255532844413,-373.0123582204356,-380.4885111447112,-387.59070501626377,-394.337645769916,-400.7471036331839,-406.8359599339686,-412.62025156647024,-418.1152132325285,-423.335317569722,-428.2943132719769,-433.00526130313904,-437.4805692989352,-441.7320242479638,-445.77082353782583,-449.6076044481889,-453.25247216848607,-456.7150264140651
627,0.16640625000000003,-33.51483122406251,-56.355358646010004,-77.99460758823345,-98.53822260024289,-118.0512823269132,-136.58765032063206,-154.19670052883285,-170.92493260822533,-186.81642936822442,-201.91304834848995,-216.2545490148665,-229.878701246064,-242.82138561966948,-255.11668806394027,-266.79698964132666,-277.8930518148874,-288.43409744676825,-298.4478877467142,-307.960795373681,-316.9978738826857,-325.5829236993698,-333.7385547956617,-341.48624623132207,-348.8464027179662,-355.83840835435814,-362.4806776743689,-368.79070414192523,-374.78510622058764,-380.4796711390189,-385.8893964675487,-391.0285296152877,-395.9106053517751,-400.548481451947,-404.95437255827477,-409.1398823492375,-413.1160340988259,-416.893299707549,-420.4816272813864,-423.89046733131113,-427.1287976623714
628,0.16562500000000002,-31.13882319653157,-52.35977673931867,-72.46449421443734,-91.55116469766283,-109.68027654330862,-126.90189173681685,-143.26189680555572,-158.8035048913308,-173.56768155445076,-187.5933232887921,-200.91737605702266,-213.57493634060629,-225.59934450329678,-237.02227287404577,-247.87380927455266,-258.18253632664107,-267.9756067770041,-277.2788150460406,-286.1166651924536,-294.51243547431636,-302.4882396777718,-310.0650853756897,-317.26292927033035,-324.1007297662393,-330.59649691220085,-336.7673398440801,-342.6295118537246,-348.19845320282064,-353.48883179461103,-358.51458181071837,-363.2889404149316,-367.8244826207122,-372.1331544143212,-376.2263042208592,-380.11471279615233,-383.8086216232418,-387.3177598883129,-390.6513701071342,-393.8182324695303,-396.8266879660282
629,0.16484375,-28.716180771449192,-48.2864274851511,-66.82740534308927,-84.42963014179071,-101.14886077164098,-117.03124727212891,-132.1190932034678,-146.45223958758834,-160.06845679747795,-173.00360866704145,-185.2917614492793,-196.9652767513718,-208.0548974480956,-218.58982877101596,-228.59781522876114,-238.10521365862527,-247.13706262256312,-255.71714833403618,-263.8680672894896,-271.61128576892963,-278.96719636183354,-285.9551716668643,-292.593615306512,-298.9000103907815,-304.8909655573744,-310.582258709482,-315.9888785662505,-321.12506413526717,-326.004342210941,-330.63956299747974,-335.04293395022825,-339.2260519244548,-343.199933716221,-346.97504507573717,-350.56132826959697,-353.96822826445316,-357.2047176010824,-360.2793200243317,-363.20013293116693,-365.9748486959371
630,0.1640625,-26.24781985878504,-44.1355274502306,-61.082304207114674,-77.1709220996938,-92.45237239396735,-106.96885666450709,-120.75905621587175,-133.8593984226435,-146.3044157755062,-158.1268964377221,-169.35798421754313,-180.02726378595617,-190.16283940485397,-199.79140919697423,-208.93833557101732,-217.62771208585082,-225.8824269549607,-233.72422336604495,-241.17375677777756,-248.25064934640116,-254.9735416266795,-261.36014168422867,-267.42727174922425,-273.19091253485806,-278.66624533765315,-283.8676920308361,-288.80895305633175,-293.5030435156505,-297.96232745487725,-302.1985504341941,-306.2228704678238,-310.0458874159724,-313.67767090625784,-317.1277868582224,-320.40532268084644,-323.5189112094665,-326.47675344518416,-329.2866401566861,-331.95597240139824,-334.4917810200466
631,0.16328125,-23.740485515347558,-39.919794442113734,-55.24818992183526,-69.80050093806204,-83.62282285458258,-96.75330766764212,-109.22692773471452,-121.0766198098006,-132.33360896254996,-143.02754420865043,-153.186588558481,-162.83749582762437,-172.0056816480021,-180.71529049452522,-188.98925926788044,-196.84937768093357,-204.3163456243897,-211.40982766551392,-218.1485048233284,-224.5501237560765,-230.63154348997816,-236.4087798119204,-241.89704744267218,-247.11080010144303,-252.0637685670997,-256.76899683613476,-261.2388764724785,-265.48517923952903,-269.5190881002575,-273.3512266669684,-276.99168717821976,-280.4500570765414,-283.7354442569092,-286.8565010524435,-289.82144702047276,-292.63809058895214,-295.31384962022884,-297.85577094629554,-300.2705489269668,-302.564543079846
632,0.1625,-21.19498998339076,-35.63916795799638,-49.323521482630454,-62.31489510530066,-74.65446862557417,-86.3763230204067,-97.5116958884385,-108.09000425014862,-118.13913462230681,-127.68556468763153,-136.75444408802488,-145.3696632846637,-153.55391716546114,-161.32876504413832,-168.71468754871515,-175.73114063030354,-182.39660685573742,-188.72864412603377,-194.74393195206886,-200.45831541113873,-205.8868469014116,-211.0438258051388,-215.94283616577064,-220.59678247873595,-225.0179236905571,-229.21790549617927,-233.20779101982632,-236.99808996040508,-240.59878627838796,-244.0193644972338,-247.2688346887317,-250.35575620817002,-253.28826024192182,-256.07407122689636,-258.72052719833096,-261.23459911955695,-263.62290924469363,-265.89174856266646,-268.04709336852267,-270.0946210057161
633,0.16171875000000002,-18.618422271599115,-31.307042591800794,-43.328351038032466,-54.74102843529082,-65.58122242751448,-75.87885174795605,-85.66134193513308,-94.95452240907332,-103.78288042314982,-112.16966737879214,-120.13696940943443,-127.70576759289321,-134.89599362241452,-141.72658235754025,-148.21552167739804,-154.3798998296018,-160.23595041190023,-165.79909510676785,-171.0839842811123,-176.1045355573668,-180.87397045699373,-185.40484921245414,-189.70910383898538,-193.79806955301797,-197.68251461976814,-201.37266870845582,-204.87824982968408,-208.20848992582768,-211.3721591817356,-214.377589119708,-217.23269453951028,-219.94499436116246,-222.52163142535557,-224.9693913036087,-227.29472016768165,-229.5037417652774,-231.60227354672622,-233.59584198510404,-235.48969713011982,-237.2888264340906
634,0.1609375,-16.011485946768133,-26.923081144216386,-37.26064284668176,-47.07467606104715,-56.39629523328238,-65.2512506221657,-73.66314353023213,-81.65419925814193,-89.24548641910043,-96.45700897156347,-103.30776733517845,-109.81581046867592,-115.9982839644603,-121.87147540689965,-127.45085737345364,-132.7511282550725,-137.78625102076995,-142.56949003458618,-147.11344602487128,-151.43008929980644,-155.53079129792673,-159.4263545576743,-163.12704118563147,-166.64259989896036,-169.98229171370278,-173.15491434694255,-176.168825397364,-179.03196436548342,-181.7518735717257,-184.33571802758647,-186.7903043123333,-189.12209850506648,-191.33724321944666,-193.4415737860288,-195.44063362488015,-197.3396888490203,-199.14374213718793,-200.85754591250867,-202.48561486180503,-204.03223782854863
635,0.16015625,-13.381570263363892,-22.501272413407907,-31.141378462161015,-39.34405928925775,-47.135291956534225,-54.536577475305535,-61.567625477564256,-68.24699880239906,-74.5922959148453,-80.62022724945247,-86.34666589435332,-91.78669083427776,-96.9546269382811,-101.86408271083249,-106.5279861082465,-110.95861855815859,-115.16764727983504,-119.166155991162,-122.96467408255116,-126.57320433385784,-130.00124924671266,-133.25783606114345,-136.35154052201614,-139.29050945760574,-142.08248222954413,-144.7348111104675,-147.2544806428868,-149.64812603016,-151.92205060790937,-154.08224244182614,-156.1343900955117,-158.0838976098354,-159.93589873321528,-161.69527044026555,-163.36664577438535,-164.9544260480851,-166.4627924331624,-167.8957169712325,-169.25697303359692,-170.5501452579843
636,0.15937500000000002,-10.729265774998659,-18.04100458250204,-24.968039957391436,-31.544225985253153,-37.79041992754611,-43.723882565957396,-49.36043339703443,-54.71496897524702,-59.80161011522836,-64.63376372011548,-69.22416384339627,-73.5849066635236,-77.72748276911612,-81.66280759681712,-85.40125027994313,-88.95266102881702,-92.32639712828787,-95.53134762620653,-98.57595678071887,-101.46824632996348,-104.21583664414459,-106.82596681665596,-109.3055137479143,-111.66101027273425,-113.89866237943536,-116.02436556639059,-118.04372037937128,-119.96204717084377,-121.78440012027333,-123.51558055251495,-125.16014958949152,-126.72244016858775,-128.20656845949736,-129.616444709668,-130.95578354696966,-132.22811376677245,-133.43678762925686,-134.58498969148022,-135.67574519749473,-136.71192804864398
637,0.15859375000000003,-8.062216424707522,-13.556774408310908,-18.762408932747444,-23.704520934783364,-28.398756736920035,-32.858067067644825,-37.09432413598593,-41.1187097540146,-44.941825098038095,-48.573736610339765,-52.02400647088473,-55.301718604362314,-58.415502738057455,-61.373557120413295,-64.18367007978377,-66.85324050474316,-69.38929730379131,-71.79851789542197,-74.0872457763604,-76.26150721342243,-78.32702710232687,-80.28924403473415,-82.15332461282205,-83.92417704880705,-85.6064640850002,-87.20461526825048,-88.72283861095092,-90.16513166920916,-91.5352920672619,-92.83692749577658,-94.07346521030527,-95.24816105485861,-96.3641080343165,-97.4242444582186,-98.4313616773508,-99.38811143347611,-100.29701284154552,-101.16045902275651,-101.98072340591425,-102.75996571367581
638,0.15781250000000002,-5.380896111961098,-9.047699228454576,-12.521500799290958,-15.819295267054542,-18.951554116732805,-21.926942234456906,-24.753399778325793,-27.438402714404198,-29.989036999233978,-32.412029822616816,-34.713770362207285,-36.90032743921903,-38.977465795186795,-40.95066142173436,-42.82511607888236,-44.60577106650676,-46.297320294521725,-47.90422269065551,-49.43071398119293,-50.88081787754937,-52.25835669948444,-53.566961463927825,-54.81008146675505,-55.99099338333645,-57.112809912289535,-58.17848798557032,-59.190836566811846,-60.15252405868993,-61.06608533901441,-61.93392844423674,-62.758340918102654,-63.54149584228255,-64.28545756494913,-64.99218714246763,-65.66354750859526,-66.30130838485638,-66.90715094507497,-67.48267224638697,-68.02938943843918,-68.54874376188961
639,0.15703125,-2.6931563409138537,-4.528694381067652,-6.267762913380773,-7.9188363265189015,-9.487133738859487,-10.97697575050843,-12.392323951408715,-13.73691018702165,-15.01427298514775,-16.2277727328396,-17.380601747875854,-18.47579288948985,-19.516227538059383,-20.504643141075704,-21.44364038130021,-22.33568999164002,-23.183139234272886,-23.988218059797354,-24.75304496148806,-25.479632539185133,-26.16989278681229,-26.82564211693884,-27.448606135236293,-28.040424177104203,-28.602653618178017,-29.136773969892072,-29.644190770727455,-30.126239283280455,-30.58418800678731,-31.019242014280174,-31.432546123092987,-31.82518790701754,-32.19820055799292,-32.55256560482947,-32.889215496094806,-33.20903605393531,-33.51286880527423,-33.80151319650378,-34.07572869748847,-34.33623680040559
640,0.15625,0.0006485648535962108,0.0013881998301864453,0.0022375747984157137,0.0031666665764058027,0.004154326843425005,0.0051849869347938395,0.006246780919440364,0.0073304229574362115,0.008428501878251992,0.009535016578189644,0.01064505664057848,0.011754574390779097,0.012860216924984189,0.013959198946231922,0.015049204307809842,0.016128308335066285,0.01719491556167971,0.018247709151537627,0.019285609339226278,0.020307738948877583,0.021313394535356005,0.022302022057285188,0.023273196234156978,0.02422660293096632,0.025162024052302785,0.02607932452585425,0.026978441050084262,0.027859372327884352,0.028722170568020768,0.029566934066787367,0.03039380072226224,0.03120294234840605,0.0319945596857336,0.032768878015117284,0.03352614329761704,0.03426661877571385,0.03499058197730997,0.03569832207564143,0.03639013756124439,0.037066334189302615
641,0.15546875,2.6925079472019595,4.527306552801849,6.265525948320479,7.915670540627715,9.482980593078759,10.97179227189193,12.386079030733317,13.729581998822812,15.005847113068864,16.21824075955388,17.369960164386054,18.46404223237276,19.503371694709976,20.49068878213046,21.42859649153712,22.31956747857754,23.165950599045274,23.96997711862132,24.733766608694438,25.45933254474487,26.148587622719717,26.80334880792585,27.425342130128403,28.016207237790397,28.57750172368856,29.110705233481276,29.617223368209626,30.098391391125077,30.555477748709947,30.98968741524195,31.4021650697836,31.793998114015043,32.16621953890897,32.51981064783497,32.85570364329863,33.174784084157665,33.47789321980938,33.765830207519315,34.039354218747604,34.29918644003575
642,0.1546875,5.38218924296307,9.050467069219307,12.525962153217094,15.82560907629095,18.959837157181905,21.937280240684274,24.76585482619693,27.453018365358137,30.005842038062784,32.43104106890464,34.73499484497905,36.9237641171047,39.00310694167899,40.978493756902076,42.855121704778725,44.63792824769941,46.33160411447957,47.9406056072913,49.46916629954301,50.92130815370371,52.3008520869771,53.61142801162353,54.85648437557699,56.03929722787235,57.16297883227874,58.23048585143843,59.244627122769714,60.2080710463606,61.123352604114984,61.992880028469564,62.81894113811477,63.6037093572886,64.34924943440613,65.05752287500461,65.73039310324624,66.36963036551674,66.97691638898438,67.55384880734832,68.10194536539579,68.62264791340996
643,0.15390625000000002,8.061572028383955,13.555395136103712,18.76018575876462,23.701374666287027,28.394629195801432,32.85291554595038,37.088117716350695,41.11142674560097,44.933451173440304,48.56426340419721,52.0134304959044,55.29004039388106,58.40272615556834,61.3596887954874,64.16871894186173,66.83721739414676,69.37221464462775,71.78038941876758,74.06808628475329,76.24133237963686,78.30585329682702,80.26708817730899,82.13020404473461,83.90010942244918,85.581467268562,87.17870726331464,88.69603748127068,90.13745547918562,91.50675882886443,92.80755512282619,94.04327147920156,95.21716357094854,96.3323242032177,97.3916914614962,98.39805645202357,99.3540706548962,100.2622529092492,101.12499604893507,101.94457320619385,102.72314379993077
644,0.153125,10.730546934538166,18.04374679934808,24.97246000936003,31.55048134311115,37.79862628619512,43.73412486634789,49.37277314045192,54.72944931995779,59.81825957965231,64.6525989682349,69.24519183926992,73.60812637552445,77.75288654236304,81.69038227441055,85.4309781297123,88.98452051662383,92.36036356833675,95.56739373144387,98.61405313113683,101.50836177279072,104.25793863703021,106.87002172279867,109.35148709041395,111.70886695414667,113.94836687148727,116.0758820739821,118.09701298235075,120.0170799464907,121.84113724899302,123.5739864088795,125.22018882046865,126.78407776053822,128.26976979531628,129.6811756172616,131.0220103401072,132.29580327922372,133.505907243012,134.65550735975376,135.7476294631312,136.78514805846874
645,0.15234375,13.380933837171437,22.499910200566084,31.139182785304865,39.34095193521721,47.131215466874835,54.53148967042517,61.56149582263136,68.23980587499987,74.58402556492727,80.61087121526695,86.336220731882,91.77515707039764,96.94200838882884,101.85038592350166,106.51321990214421,110.94279363962777,115.15077591940364,119.14825175015062,122.94575158047849,126.55327904970417,129.98033734850793,133.23595425943782,136.32870594361094,139.2667395365738,142.05779461307867,144.70922357749652,147.2280110337325,149.62079218577767,151.89387031746503,154.05323339754588,156.10456985389493,158.05328355844043,159.90450806233756,161.66312011891605,163.33375253005056,164.92080634981897,166.42846247761264,167.86069267125438,169.22127000914747,170.51377882902497
646,0.15156250000000002,16.01274723589534,26.925780830098898,37.26499434504303,47.08083440043201,56.404374314331,65.26133406857419,73.67529188958947,81.6684550195223,89.26187765879513,96.47555209528448,103.32846919915283,109.83867005744827,116.02329374203592,121.89862242058852,127.4801241662428,132.78249362693518,137.819690668889,142.60497709521675,147.15095153438136,151.4695825886613,155.57224032855032,159.46972621500174,163.17230152751637,166.68971437232503,170.03122534131168,173.2056318888618,176.22129149053833,179.08614364431995,181.80773077215036,184.3932180766736,186.84941240532206,189.18278017131968,191.39946437870674,193.5053007961432,195.50583332202052,197.4063285812908,199.21178979240798,200.9269699408608,202.55638429395543,204.10432228977587
647,0.15078125000000003,18.617797739140894,31.305705836451676,43.32619639481846,54.73797915283932,65.57722212135245,75.87385902693393,85.65532683526936,94.94746390851998,103.77476463651648,112.16048619894916,120.12671945694188,127.69444938498818,134.88361090381676,141.71314155375853,148.20103144289038,154.36437067077603,160.2193943701001,165.7815254899897,171.06541543575725,176.0849826732188,180.85344939999285,185.38337638090604,189.68669603965307,193.7747438941793,197.65828841882578,201.3475594120726,204.85227494475905,208.18166695987068,211.34450559142599,214.34912226658855,217.2034316519261,219.91495250166844,222.49082746292447,224.9378418900595,227.26244171781835,229.47075044029776,231.56858524050972,233.56147231303908,235.45466142016895,237.25313971982578
648,0.15000000000000002,21.19622362566184,35.64180846808424,49.32777759838406,62.32091845725947,74.6623706179182,86.38618544405949,97.52357796405575,108.10394753571862,118.15516657896174,127.70370136173703,136.77469218577556,145.3920218131048,153.57837875401185,161.35531702423737,168.7433128461927,175.7618185100017,182.42931354769937,188.76335335548896,194.78061539036787,200.49694306110206,205.9273874277862,211.08624681878192,215.9871044685704,220.64286427502347,225.06578476978802,229.26751139085462,233.25910714201137,237.0510817196713,240.65341918358953,244.07560424417375,247.326647235491,250.41510783962224,253.34911762475613,256.1364014562986,258.7842978373212,261.2997782318629,263.68946542192447,265.9596509464651,268.11631166829005,270.1651255124304
649,0.14921875,23.739876726897457,39.9184913854288,55.24608959578886,69.79752852629561,83.61892339424995,96.74844081128596,109.22106427400038,121.06973925311824,132.3256977748484,143.01859448747263,153.17659700987107,162.82646295605898,171.99361110406218,180.7021885419811,188.97513434324054,196.83424002594742,204.30020697702534,211.39270099843668,218.13040412140805,224.5310638262815,230.61153979836584,236.38784834347157,241.87520458050832,247.0880625225802,252.0401531523893,256.7445205924138,261.21355646528605,265.4590325349861,269.4921317149233,273.32347752465324,276.96316207288385,280.420772640525,283.7054169338437,286.82574707427375,289.7899823880978,292.6059310560536,295.28101067990525,297.8222678201719,300.2363965564857,302.5297561194794
650,0.1484375,26.2490182482093,44.138092504531095,61.08643869932388,77.17677332751165,92.46004857830599,106.97843725929863,120.77059874978245,133.8729432664221,146.319989605888,158.14451484286568,169.37765371233507,180.0489834061327,190.18660199075575,199.81720244233662,208.96614288983884,217.65751333573394,225.9141990454061,233.7579407732909,241.20939198284944,248.28817320944847,255.0129237079903,261.40135052029365,267.4702750906591,273.23567755177606,278.71273879712766,283.9158804503099,288.85880283623675,293.5545210539801,298.0153992460565,302.253183154242,306.27903104753074,310.1035431035733,313.73678932088336,317.18833603524786,320.46727111010597,323.5822278671881,326.54140782038826,329.35260227270567,332.02321283309743,334.56027090724524
651,0.14765625,28.715591480212268,48.28516616053339,66.82537228284343,84.42675292585831,101.1450861977026,117.02653628522421,132.11341753104728,146.4455793946824,160.0607989828921,172.99494558178318,185.28208990525542,196.95459723725693,208.04321349789046,218.57714644819632,228.58414269992946,238.09056083778182,247.12144087197893,255.70057021110733,263.85054633136974,271.59283630851337,278.9478333699682,285.9349106166746,292.57247205648656,298.87800108386733,304.8681065338033,310.5585664314152,315.9643695526529,321.0997549056488,325.97824923682214,330.6127026605872,335.01532250658516,339.1977054736294,343.1708681751059,346.9452761563102,350.5308714601823,353.93709881406886,357.17293050650454,360.24689001955284,363.16707447896795,365.9411759813165
652,0.146875,31.13997894445855,52.36225052303884,72.46848159199878,91.55680772580466,109.68767959249267,126.9111314341728,143.27302863313577,158.8165677838104,173.58270123976627,187.6103148008595,200.9363456793246,213.59588314358368,225.62226158241938,237.04714836127988,247.9006271743813,258.2112772136646,268.0062483825888,277.3113327548387,286.15103246486575,294.5486242075098,302.52622051527317,310.10482797362744,317.3044025268928,324.1439020197411,330.64133611223303,336.8138136994623,342.67758796040755,348.24809915438414,353.5400152776177,358.56727068684705,363.34310279155346,367.8800869113349,372.1901693901398,376.28469905449344,380.17445709850176,383.86968547428637,387.38011386257324,390.7149852944271,393.88308049157564,396.89274098939705
653,0.14609375000000002,33.51426506303013,56.35414682955841,77.99265432768676,98.5354583183541,118.0476559099349,136.5831242469365,154.1912476360236,170.91853384032777,186.80907213874278,201.90472530912558,216.24525710311522,229.86844093185414,242.81016029869951,255.10450356207045,266.78385380496167,277.878974169208,288.4190889083446,298.43196038029515,307.94396218528027,316.9801486427893,325.5643207913415,333.7190890853948,341.4659329549168,348.82525738478614,355.8164466632802,362.45791544138876,368.7671572375884,374.7607905159423,380.45460245898715,385.8635905507667,391.0020020796061,395.88337166471695,400.5205569055179,404.92577224759805,409.1106211545529,413.08612667045287,416.8627604534589,420.45047035707796,423.8587066317121,427.09644681552885
654,0.1453125,35.83895131529818,60.26357785459409,83.40373219703137,105.37236395818282,126.23904958645034,146.06137628073017,164.89213265098388,182.7810353480402,199.77521779749318,215.91943478048435,231.25619825630707,245.8258932329606,259.6668849039204,272.8156197841101,285.3067216570179,297.1730827038293,308.4459500778932,319.1550081554294,329.32845667806987,338.99308499156086,348.17434257488566,356.896406044581,365.1822428099511,373.05367154623116,380.53141964451345,387.6351777893598,394.38365180755784,400.7946119243313,406.88493955653877,412.6706717659368,418.1670434894608,423.3885276576277,428.34887330663645,433.06114178446006,437.537741146223,441.7904588293969,445.83049269482166,449.6684805152669,453.3145279891607,456.7782353532378
655,0.14453125,38.10631205698399,64.07568544345345,88.67908572298546,112.03665984337616,134.22242256794152,155.29763182834523,175.31843742462704,194.3377186877191,212.40560524358418,229.56969526388497,245.87520038124876,261.36506924837175,276.0801017181335,290.0590565802652,303.33875373652427,315.9541712208868,327.9385373529536,339.3234182758143,350.1388011116891,360.4131729555949,370.1735959158208,379.4457783993686,388.25414283048804,396.62188998095354,404.57106008174827,412.1225908772808,419.2963727751938,426.1113012371221,432.5853265484879,438.73550109848566,444.5780242948532,450.1282852317705,455.40090322331093,460.409766309238,465.1680678345896,469.68834119942625,473.9824928702807,478.0618337402768,481.9371089205282,485.6185260412941
656,0.14375000000000002,40.31696463348897,67.79336018872493,93.82477105807615,118.53826452629724,142.01211386022655,164.31110417132516,185.494621837898,205.61859704749372,224.73605370449235,242.89733964321434,260.15027946964705,276.54030494436324,292.11057553135424,306.9020921901338,320.9538053263211,334.30271731910955,346.9839799226433,359.03098680162424,370.4754614440775,381.3475406814277,391.6758540346353,401.48759909441907,410.8086131333481,419.6634411378301,428.0754004387279,436.06664211045035,443.6582092999497,450.87009263900796,457.72128288556564,464.22982093257724,470.4128453159778,476.28663734677264,481.866663986029,487.1676185756132,492.20345953188115,496.9874471041818,501.5321782949323,505.8496200331996,509.95114068912056,513.8475400121342
657,0.14296875,42.463420965341,71.40217614897917,98.81878106556596,124.84711810388377,149.56966335657378,173.0546778669466,195.3647307462352,216.55874687451825,236.69258715901714,255.819291706646,273.98924128627186,291.2502949994189,307.64791750382767,323.2252990597128,338.02346938065415,352.0814057415556,365.4361356644414,378.1228344617951,390.17491789725324,401.624130208944,412.500627728026,422.8330583131643,432.64863681052094,441.9732167382906,450.83135838480536,459.24639349973455,467.2404867489069,474.83469409472195,482.04901825600643,488.90246139345425,495.41307515947824,501.5980082443421,507.4735515438405,513.0551810675256,518.3575987005175,523.394770926287,528.1799656124119,532.725786956215,537.0442086823375,541.1466055796952
658,0.1421875,44.546410457830625,74.90517391342408,103.66734900518742,130.97333727500776,156.9096262274538,181.5477994648055,204.95347499694856,227.18845171995213,248.31131710698293,268.3777016344016,287.4404477002917,305.5497537158873,322.7533073232478,339.096411141926,354.6221020574669,369.37126451509704,383.3827381475,396.69342002480926,409.33836179558773,421.3508619733476,432.76255361050676,443.6034875897723,453.90221175159735,463.6858460655568,472.98015404318244,481.8096105799881,490.1974664050892,498.1658093079315,505.735622303198,512.9268388869342,519.7583955293001,526.2482815420911,532.4135864522838,538.2705450062969,543.8345799234385,549.1203425110868,554.1417512485266,558.9120284410241,563.4437350406425,567.7488037254774
659,0.14140625,46.55872876278937,78.28844869461517,108.34922576182323,136.88785236475084,163.99475743283972,189.74478426902633,214.20653553636734,237.44461837261312,259.5202805651792,280.49167714633654,300.41404740700017,319.33986583024546,337.31898157394096,354.39875008646635,370.6241579313938,386.037941316692,400.6806986798192,414.5909976351523,427.80547656844607,440.35894114715245,452.28445600148774,463.61343181820183,474.37570807678964,484.5996316463261,494.3121314501455,503.5387893951794,512.3039077529046,520.6305731694733,528.5407174737019,536.0551754431414,543.1937396804385,549.9752127445608,556.4174566742324,562.5374400340482,568.3512826071985,573.8742978525482,579.1210332379034,584.1053085557171,588.8402523221638,593.3383363554586
660,0.140625,48.50121284837308,81.55517233214015,112.8707832722978,142.6009158456882,170.8397385703973,197.6651922028223,223.14872182758654,247.35761403854045,270.3556586663874,292.20342584914494,312.9584499860381,332.67538664906397,351.40615764817903,369.20008795725903,386.1040356050625,402.16251503664625,417.41781430397964,431.9101063999186,445.6775550284909,458.75641508888464,471.18112813668495,482.98441307289914,494.1973522989327,504.84947356389335,514.9688277193632,524.5820625860888,533.7144931268701,542.3901681102469,550.6319334403793,558.4614923197702,565.8994624031674,572.9654300930656,579.6780021197313,586.0548545415251,592.1127792945122,597.8677284139172,603.3348560438384,608.5285583458317,613.462511411439,618.1497072784832
661,0.13984375,50.36698651491855,84.6920469201763,117.21166145097294,148.08462749525526,177.40876929485836,205.26505097850415,231.7276858028508,256.86656483883826,280.74794514110357,303.43473812216513,324.98670102638914,345.46060019576595,364.9103619516554,383.3872149685151,400.9398253027834,417.6144246125582,433.45493194786206,448.5030694427942,462.7984722173934,476.3787927799185,489.2798002051993,501.5354743507389,513.1780953590483,524.2383286822059,534.7453058527778,544.7267012139921,554.2088048113865,563.2165916380125,571.7737874156559,579.9029310853915,587.6254341721207,594.9616371794841,601.930863163726,608.5514686276388,614.8408918686576,620.8156989084747,626.4916271251465,631.8836267026397,637.0059000069931,641.8719389928137
662,0.1390625,52.15698913326222,87.70235599324867,121.3783316266594,153.34931234983262,183.7165671141573,212.5639132994775,239.96818258245742,266.00173441050947,290.733167686359,314.22761877464103,336.54695935701943,357.74996519647976,377.8924721556497,397.027523457861,415.2055093797544,432.4742999198592,448.8793708295249,464.46392334446665,479.2689979322482,493.3335823542218,506.69471432549284,519.3875790424607,531.44560183414,542.9005361807759,553.78254733117,564.120291738623,573.9409925244527,583.2705111676353,592.1334156092099,600.5530449506743,608.5515709166641,616.1500562436867,623.368510148618,630.2259410229809,636.7404064917271,642.9290609683244,648.8082008313456,654.3933073415124,659.6990874121923,664.7395123407016
663,0.13828125000000002,53.864715046303914,90.57349051316946,125.35144826989863,158.3684116533624,189.72899709882196,219.5197903900192,247.82015782781653,274.70484351465626,300.24470527562715,324.50702303371935,347.555703563469,369.4514550824069,390.25194860168034,410.0119701800099,428.7835653242778,446.6161761091628,463.5567714217014,479.64997068488134,494.9381613893273,509.46161074386794,523.2585717397028,536.3653839079637,548.8165690363624,560.6449220972676,571.8815976268892,582.5561917832206,592.6968202989846,602.3301925349922,611.481681829032,620.1753923256335,628.4342224627795,636.2799252828137,643.7331657264308,650.8135750606751,657.5398025843241,663.9295647468622,669.9996918104265,675.7661721776409,681.2441945020979,686.4481876924096
664,0.1375,55.49120023602386,93.30882546531328,129.13754220358675,163.15225934873874,195.46072192871455,226.15210718479747,255.30815969286581,283.00586563384525,309.3182100474411,334.3144939375605,358.06054480881636,380.61889624305945,402.04895390892796,422.4071522500978,441.7471031182785,460.11973693100964,477.5734367658894,494.15416575150545,509.90558809082466,524.8691840348462,539.0843591083634,552.5885478747282,565.4173125122924,577.6044364616711,589.1820133900928,600.1805317068453,610.628954852166,620.5547975708479,629.9841983712797,638.9419883606307,647.4517566373668,655.5359124132312,663.2157440282327,670.5114750139992,677.4423173531051,684.026522074597,690.2814273189279,696.2235039988631,701.8683991765846,707.230977271207
665,0.13671875,57.03034969742828,95.89651841804528,132.71840172607293,167.67580188998045,200.87948254335782,232.421117294829,262.38473616983254,290.8494754800741,317.8903569590441,343.5786142371097,367.9819096124632,391.16451889182696,413.187502215175,434.10886525121913,453.98371207942705,472.86439036422433,490.80062925085184,507.8396703576028,524.0263922127099,539.4034284648357,554.011280179135,567.8884225150717,581.0714060672543,593.5949531364287,605.4920491843703,616.7940297136784,627.5306628014167,637.7302275040623,647.419588340339,656.6242660481623,665.3685048021098,673.6753360684862,681.5666392662041,689.0631993932689,696.1847617706693,702.950084047879,709.3769856069523,715.4823944953496,721.2823920111165,726.7922550578494
666,0.13593750000000002,58.483289636466544,98.34001499968228,136.10057688964403,171.949318414302,205.99979639424643,238.3459981248649,269.07407709876577,298.26517158498933,325.996202783186,352.3402090728045,377.3665679329531,401.1411852240214,423.72667016495683,445.1825004826667,465.56517906903423,484.92838275764666,503.3231036545863,520.7977834033379,537.3984407379378,553.1687926594878,568.150369554302,582.3826245561504,595.9030374400637,608.7472133208778,620.9489764161151,632.5404591198652,643.5521866220429,654.0131572957031,663.9509190639865,673.3916419476975,682.3601869844946,690.8801717011132,698.9740323109966,706.6630828010796,713.967571063296,720.9067322186066,727.4988392739418,733.7612512454566,739.7104588748027,745.3621280588072
667,0.13515625,59.844373277981276,100.62831239766739,139.26710210164802,175.94941504923366,210.79147917772457,243.88949072235695,275.3316253601059,305.2009237102698,333.5761088808124,360.53192903046255,386.1393848205019,410.46592336512396,433.5756174770607,455.52933481077866,476.3848982833549,496.19723840820217,515.018537992045,532.8983695881938,549.8838260714356,566.0196446796426,581.3483248493877,595.910240156311,609.7437446553434,622.8852739010758,635.3694409145047,647.2291273490389,658.4955700959863,669.1984435577003,679.3659378051465,689.0248328257875,698.2005690573959,706.9173143935867,715.1980278375953,723.0645199719619,730.5375104034149,737.6366823342697,744.38073440408,750.7874299381006,756.873643732278,762.6554064980024
668,0.134375,61.1148101084572,102.76490563981467,142.2245062605107,179.68625275200912,215.26881361200026,249.07040672705838,281.1810633416011,311.68557356838045,340.6643205222231,368.19362965222604,394.3460006767659,419.19030540322734,442.79197059421193,465.2131505598931,486.51289087320845,506.74728384826284,525.9696162363291,544.2305095369463,561.5780532944186,578.0579317300984,593.713544043175,608.5861186961445,622.7148219854364,636.1368611827322,648.8875825182957,661.0005642641212,672.5077051618505,683.4393084281863,693.8241615589108,703.6896121415813,713.0616398764815,721.9649249954311,730.4229132585897,738.4578777003799,746.090977287107,753.3423126407266,760.2309789754818,766.7751163868083,772.9919576249215,778.8978734788951
669,0.13359375,62.28943639681856,104.73969936864249,144.95717448109835,183.13824155467253,219.4038762465081,253.85420433668781,286.58100352136324,317.6707067544017,347.20525316410715,375.26244459031915,401.91618231472444,427.23666892510073,451.29059487674215,474.1413145405379,495.8490131736619,516.4708654736295,536.0611861842916,554.6715731626965,572.3510432869502,589.1461615641832,605.1011637792235,620.258073007365,634.656810298356,648.335299823318,661.3295687616815,673.6738421913341,685.4006332320027,696.5408286793569,707.123770355438,717.1773323897272,726.7279946344296,735.8009124073685,744.41998274621,752.6079073485337,760.3862523635406,767.7755051928981,774.7951284503274,781.463611222069,787.7985177632423,793.8165337583619
670,0.1328125,63.36953745320115,106.55621646345693,147.47157425515073,186.3153615888028,223.21062700847006,258.25921344599516,291.55447482505485,323.1843303428809,353.23212944084844,381.7770140659325,408.89415919090857,434.6549779525623,459.127311279402,482.37560686287605,504.4610889213828,525.4419194217738,545.3733512299689,564.3078736031806,582.2953504079456,599.3831514274483,615.6162771032546,631.0374770394022,645.6873625804753,659.6045137597943,672.8255808990981,685.3853811270694,697.316990070726,708.651828961006,719.4197473818467,729.6491018805848,739.3668306466355,748.5985244550644,757.3684940618376,765.6998342281994,773.6144845427614,781.1332872014544,788.2760418974874,795.061557965854,801.5077039196979,807.631454508979
671,0.13203125,64.35046442673416,108.2053312630927,149.7535376760186,189.19795990029797,226.66357545777856,262.2538223646738,296.0635144963063,328.1819442532183,358.6937616020862,387.6793423896505,415.21503289202946,441.3733583482881,466.2232156874487,489.8300553960596,512.2560540092651,533.5602779076592,553.7988389037591,573.0250420404019,591.2895259936557,608.640396451153,625.1233528176504,640.7818085818592,655.6570056617948,669.7881230299797,683.2123799047338,695.9651337794346,708.0799735480306,719.5888079721366,730.5219497227793,740.908195218177,750.7749004678715,760.1480531229925,769.0523409224508,777.5112167153484,785.5469602308766,793.1807367584086,800.4326528923469,807.3218094885508,813.8663519718374,820.0835181270523
672,0.13125,65.23357052683953,109.69057277862414,151.8094309545157,191.7957742642484,229.77627266307104,265.8557662325674,300.13035601770184,332.6905482491067,363.6221448176899,393.0066162318885,420.92134924017404,447.4398580229995,472.6319794128966,496.56405714113873,519.2991166039192,540.8970308329674,561.4146781565564,580.9060919758435,599.4226030522774,617.0129746804048,633.7235311014791,649.5982794955519,664.6790258729144,679.0054851697879,692.6153858379623,705.5445692036307,717.8270838569418,729.4952753207309,740.5798712344765,751.1100622777471,761.1135790461931,770.6167650824846,779.6446462544964,788.2209966634113,796.3684012552852,804.1083153009544,811.4611209008992,818.4461806638648,825.0818887005954,831.3857190669603
673,0.13046875000000002,66.01475044455574,111.0038413079287,153.62662051232107,194.09120990738919,232.52581835172123,269.0365583679089,303.72069545138714,336.6698309320396,367.97080371972845,397.7060681242768,425.9539447160574,452.7888342432086,478.2814153360036,502.49883107263446,525.5048659272007,547.360113799495,568.1221376227156,587.8456209821699,606.5825121476092,624.3821608996032,641.2914485108068,657.3549112247517,672.6148575575772,687.1114797318106,700.8829595357997,713.9655688877046,726.3937653689911,738.2002829790912,749.4162183503167,760.0711126501269,770.1930293865014,779.8086283213629,788.9432356867454,797.6209108886577,805.8645098743398,813.6957453298227,821.1352438663466,828.2026003462618,834.9164294915031,841.2944149105697
674,0.1703125,-44.54542411957752,-74.90306273703416,-103.66394609691103,-130.96852139983815,-156.90330831232433,-181.53991411314672,-204.94397485767013,-227.17730356373144,-248.2984989753506,-268.3632006953807,-287.42425858973746,-305.53187722547625,-322.7337493439064,-339.0751818006413,-354.5992150038228,-369.3467363259362,-383.3565878262713,-396.6656685778293,-409.30903187150295,-421.3199775550314,-432.73013975084274,-443.56957018443245,-453.8668173432128,-463.649001674676,-472.94188702220157,-481.7699484868782,-490.15643689423433,-498.1234400358196,-505.6919408470364,-512.8818726745487,-519.7121717788959,-526.2008272106631,-532.3649281916134,-538.2207091256215,-543.783592357992,-549.0682287958083,-554.0885364963272,-558.8577373250689,-563.3883917801738,-567.6924320747597
675,0.1296875,66.69541694560505,112.14865023632301,155.2113320295182,196.0937022117039,234.92527118694218,271.81322981260683,306.855833760062,340.1456182923418,371.7703087527041,401.81320191827706,430.35341919819285,457.4661225772058,483.22271422457567,507.69102488023617,530.9354925456482,553.0173321802675,573.9946969009096,593.9228311187886,612.8542160190483,630.838707765668,647.9236687952343,664.15409254491,679.5727219427346,694.2201619720393,708.1349866062096,721.35384039525,733.9115349715593,745.8411407289611,757.1740739163571,767.9401793752991,778.1678091393247,787.8838971020072,797.1140299503307,805.8825145501739,814.2124419613335,822.1257482506688,829.6432722635026,836.7848105054102,843.5691692789253,850.0142142124585
676,0.0,-46.55920526791907,-78.28946861051807,-108.35086970763973,-136.8901788986061,-163.99780957289394,-189.74859359350384,-214.21112490456076,-237.4500038210069,-259.5264726852253,-280.4986821208011,-300.4218678115836,-319.3485012676769,-337.3284291845945,-354.40900496550563,-370.6352134735366,-386.04978950386567,-400.6933303230434,-414.60440257923636,-427.81964386613754,-440.37385920792946,-452.30011271914316,-463.6298146805443,-474.392804260173,-484.6174280972337,-494.3306149556695,-503.5579466439437,-512.3237253877169,-520.6510378328057,-528.5618158469267,-536.0768942803244,-543.2160658373667,-549.9981332035997,-556.4409585655195,-562.5615106534672,-568.3759094315251,-573.8994685520988,-579.1467356869892,-584.1315308411612,-588.8669827501111,-593.3655634566833
677,0.0,-48.50029564765537,-81.553209138909,-112.86761889095533,-142.59643753876003,-170.83386350781916,-197.65785957131592,-223.1398875943787,-247.34724730271358,-270.34373900782407,-292.18994133449786,-312.9433956263504,-332.6587631797397,-351.38797054648137,-369.1803466396356,-386.0827527636981,-402.1397060858594,-417.39349691466515,-431.88430010551156,-445.6502808897021,-458.72769540719213,-471.1509862086359,-482.9528729788123,-494.16443872079344,-504.8152116281579,-514.9332428611243,-524.5451804316497,-533.6763393922314,-542.3507685134045,-550.5913136256414,-558.4196777925652,-565.8564784740248,-572.9213018296391,-579.6327543058779,-586.0085116425864,-592.065365428059,-597.8192673252972,-603.2853710859652,-608.4780724627052,-613.4110471249608,-618.0972866781755
678,0.0,67.27203357353676,113.11797575809248,156.5525441463357,197.7878230624039,236.9544622513972,274.1605945233124,309.5053373195856,343.08203614679155,374.97918346722946,405.280803695571,434.0667088240867,461.4127164046366,487.3908510114875,512.0695343550707,535.513765595946,557.7852925715616,578.9427744411695,599.0419361900579,618.1357154033,636.2744016965927,653.5057691718504,669.8752022466693,685.4258151892399,700.1985656736725,714.2323626549181,727.5641688474791,740.2290980778873,752.2605077673976,763.6900867885244,774.5479389268444,784.862662167914,794.6614240181492,803.9700330580623,812.8130069163283,821.2136368437189,829.1940490569909,836.7752630143041,843.9772467756549,850.8189695941447,857.3184518765979
679,0.0,67.74606394020105,113.91529397160448,157.65630362873443,199.18264727609323,238.62587729186725,276.09487444195514,311.6894432452463,345.5035774865181,377.6263851054732,408.14247559560533,437.13221721691485,464.67195635982773,490.8342203122169,515.6879086236086,539.298474619023,561.7280977750596,583.0358474637713,603.2778385062608,622.5073789474052,640.7751104407849,658.1291416131443,674.6151747592515,690.2766262005271,705.1547406241832,719.2886997038249,732.7157252874296,745.4711774243515,757.5886474894245,769.1000466493498,780.0356899042871,790.424375925944,800.2934629023832,809.6689405892633,818.5754987572451,827.036592215801,835.0745025846667,842.7103969755937,849.9643837389459,856.8555654219364,863.4020890779753
